mlxfast: routehist rows=512 experts=256 assign=4096 zero=12 min=0 p10=3 p25=7 p50=13 p75=23 p90=33 p99=61 max=141 counts=[3, 11, 40, 6, 17, 17, 5, 25, 24, 9, 34, 61, 23, 12, 48, 21, 33, 27, 12, 41, 7, 14, 2, 3, 82, 27, 13, 9, 14, 18, 14, 3, 33, 1, 1, 27, 7, 40, 7, 26, 23, 19, 11, 26, 10, 4, 13, 4, 24, 8, 26, 0, 18, 15, 23, 9, 6, 15, 20, 6, 11, 17, 8, 13, 25, 13, 9, 4, 14, 44, 11, 19, 9, 14, 13, 14, 4, 8, 0, 11, 9, 41, 9, 12, 4, 9, 5, 13, 39, 7, 31, 8, 36, 7, 16, 4, 16, 20, 6, 17, 18, 8, 7, 10, 7, 1, 25, 3, 33, 0, 1, 16, 27, 14, 0, 6, 16, 7, 5, 9, 2, 15, 7, 5, 16, 5, 19, 17, 5, 12, 18, 28, 8, 3, 3, 7, 6, 25, 11, 10, 23, 37, 11, 17, 7, 25, 0, 6, 4, 41, 11, 1, 9, 6, 14, 6, 11, 0, 13, 9, 20, 41, 4, 5, 8, 20, 16, 16, 20, 17, 24, 12, 7, 8, 11, 24, 12, 16, 9, 29, 31, 12, 6, 27, 13, 34, 33, 0, 10, 44, 43, 34, 12, 12, 11, 14, 0, 21, 28, 4, 25, 27, 4, 26, 0, 0, 33, 6, 22, 3, 5, 21, 17, 7, 7, 22, 23, 9, 3, 27, 11, 32, 4, 8, 4, 26, 1, 22, 38, 23, 16, 13, 17, 24, 9, 18, 25, 0, 15, 36, 4, 26, 12, 52, 16, 141, 10, 14, 43, 9, 16, 6, 24, 31, 2, 0]
mlxfast: routehist rows=512 experts=256 assign=4096 zero=5 min=0 p10=4 p25=7 p50=13 p75=23 p90=32 p99=50 max=58 counts=[9, 10, 23, 18, 0, 7, 9, 27, 26, 33, 8, 30, 35, 27, 43, 6, 9, 24, 5, 20, 10, 35, 6, 19, 19, 13, 17, 13, 9, 13, 27, 16, 4, 43, 5, 10, 58, 15, 0, 31, 29, 9, 16, 19, 3, 0, 4, 17, 4, 24, 48, 2, 27, 17, 5, 8, 14, 16, 13, 23, 10, 34, 18, 4, 3, 29, 20, 16, 8, 7, 11, 2, 17, 38, 19, 29, 14, 43, 9, 9, 13, 26, 19, 22, 29, 9, 27, 20, 22, 16, 31, 15, 23, 24, 12, 5, 14, 30, 7, 1, 11, 8, 22, 10, 4, 19, 13, 33, 4, 23, 1, 2, 8, 8, 11, 3, 17, 10, 37, 25, 9, 3, 11, 50, 20, 12, 23, 12, 12, 41, 7, 31, 11, 27, 11, 11, 3, 20, 4, 0, 24, 8, 20, 32, 22, 38, 25, 8, 32, 10, 23, 13, 13, 10, 7, 26, 1, 5, 5, 3, 23, 12, 14, 6, 48, 21, 16, 5, 4, 49, 1, 13, 8, 37, 15, 27, 11, 42, 35, 4, 22, 1, 10, 4, 9, 27, 33, 12, 23, 24, 35, 8, 23, 4, 15, 14, 24, 15, 15, 8, 6, 7, 4, 9, 10, 54, 18, 5, 28, 15, 7, 14, 4, 23, 5, 14, 11, 28, 6, 0, 37, 5, 9, 13, 1, 4, 12, 22, 5, 13, 4, 18, 5, 7, 6, 22, 15, 2, 10, 3, 16, 5, 6, 18, 40, 11, 26, 9, 19, 29, 4, 7, 13, 16, 29, 3]
mlxfast: routehist rows=512 experts=256 assign=4096 zero=19 min=0 p10=1 p25=5 p50=11 p75=21 p90=35 p99=91 max=102 counts=[2, 0, 7, 11, 0, 12, 9, 1, 6, 20, 0, 11, 102, 77, 9, 24, 14, 18, 11, 8, 19, 9, 16, 16, 12, 16, 90, 27, 1, 28, 2, 1, 2, 69, 1, 9, 0, 7, 7, 18, 15, 9, 10, 30, 19, 25, 30, 11, 12, 7, 1, 0, 9, 31, 31, 12, 11, 8, 28, 5, 29, 1, 40, 8, 12, 10, 10, 6, 11, 13, 36, 0, 19, 9, 20, 8, 5, 9, 9, 1, 3, 45, 29, 19, 14, 25, 16, 17, 15, 19, 13, 13, 33, 1, 4, 21, 4, 25, 34, 20, 9, 1, 0, 21, 3, 0, 1, 17, 27, 10, 0, 25, 68, 50, 12, 35, 20, 20, 8, 42, 19, 11, 12, 27, 11, 2, 11, 67, 11, 10, 10, 12, 1, 0, 6, 45, 0, 20, 14, 10, 29, 2, 24, 24, 17, 36, 9, 24, 3, 19, 7, 22, 8, 18, 40, 10, 11, 17, 3, 7, 1, 7, 19, 3, 58, 98, 5, 43, 5, 43, 20, 13, 1, 2, 8, 9, 13, 9, 1, 0, 10, 3, 5, 17, 5, 91, 7, 22, 24, 2, 19, 5, 52, 11, 8, 15, 0, 35, 43, 14, 1, 0, 5, 23, 17, 16, 24, 4, 7, 12, 3, 5, 17, 13, 22, 21, 4, 1, 27, 1, 3, 1, 29, 2, 18, 24, 20, 17, 2, 10, 4, 9, 1, 0, 10, 3, 36, 12, 0, 6, 0, 0, 6, 25, 23, 9, 29, 9, 0, 14, 53, 27, 29, 14, 60, 2]
mlxfast: routehist rows=512 experts=256 assign=4096 zero=33 min=0 p10=0 p25=2 p50=7 p75=16 p90=42 p99=167 max=214 counts=[4, 4, 4, 2, 4, 0, 0, 22, 29, 8, 13, 0, 74, 0, 4, 2, 0, 3, 3, 78, 7, 66, 14, 1, 26, 8, 8, 10, 12, 2, 0, 0, 9, 28, 3, 0, 21, 4, 8, 16, 16, 65, 24, 4, 3, 0, 0, 2, 6, 7, 19, 6, 12, 19, 42, 16, 1, 7, 4, 19, 8, 5, 19, 13, 3, 1, 12, 5, 2, 8, 126, 0, 4, 11, 167, 96, 2, 9, 7, 132, 9, 7, 1, 0, 1, 3, 45, 161, 50, 7, 8, 20, 7, 3, 12, 1, 1, 0, 6, 16, 5, 7, 28, 13, 5, 11, 1, 30, 2, 1, 2, 16, 14, 9, 16, 16, 1, 4, 0, 71, 55, 1, 3, 20, 1, 1, 15, 4, 2, 1, 41, 7, 1, 1, 17, 8, 69, 30, 16, 22, 5, 8, 14, 1, 1, 0, 11, 0, 17, 2, 9, 15, 22, 13, 3, 0, 17, 0, 35, 10, 46, 2, 0, 2, 5, 46, 4, 6, 0, 11, 2, 4, 16, 0, 0, 13, 11, 3, 5, 32, 116, 0, 16, 2, 4, 9, 2, 29, 28, 8, 1, 1, 10, 23, 0, 87, 24, 7, 11, 45, 1, 31, 4, 22, 21, 10, 214, 6, 8, 1, 0, 0, 7, 1, 2, 0, 4, 5, 62, 15, 2, 34, 16, 0, 3, 1, 17, 175, 0, 54, 10, 4, 2, 16, 2, 46, 3, 0, 0, 1, 1, 3, 3, 64, 0, 7, 9, 21, 23, 2, 2, 0, 8, 9, 5, 1]
mlxfast: routehist rows=512 experts=256 assign=4096 zero=20 min=0 p10=1 p25=3 p50=9 p75=20 p90=37 p99=112 max=268 counts=[61, 24, 112, 8, 0, 8, 11, 42, 7, 4, 1, 2, 35, 1, 1, 9, 0, 1, 16, 16, 2, 24, 10, 29, 36, 6, 11, 18, 10, 28, 18, 54, 46, 21, 38, 1, 64, 9, 2, 5, 10, 3, 10, 18, 0, 3, 8, 11, 1, 1, 27, 20, 9, 16, 3, 7, 17, 17, 6, 0, 62, 21, 14, 26, 25, 8, 3, 35, 12, 25, 3, 9, 5, 10, 4, 37, 32, 47, 20, 4, 7, 5, 5, 12, 7, 0, 7, 206, 2, 17, 24, 29, 14, 10, 8, 15, 33, 3, 22, 4, 10, 0, 2, 1, 0, 0, 10, 4, 3, 4, 3, 21, 2, 13, 83, 2, 37, 5, 17, 0, 19, 9, 0, 0, 18, 6, 20, 17, 13, 1, 41, 16, 51, 0, 4, 1, 11, 17, 0, 8, 58, 3, 4, 43, 4, 1, 0, 2, 0, 6, 3, 12, 20, 36, 3, 5, 1, 15, 18, 37, 54, 8, 17, 58, 24, 17, 2, 8, 0, 20, 18, 12, 5, 19, 14, 0, 9, 1, 32, 31, 5, 19, 2, 18, 9, 14, 3, 6, 3, 1, 8, 24, 1, 3, 1, 67, 11, 6, 13, 2, 1, 1, 268, 0, 26, 0, 3, 23, 7, 19, 30, 5, 22, 8, 1, 9, 45, 1, 29, 71, 27, 1, 8, 2, 3, 1, 8, 17, 27, 4, 30, 1, 0, 2, 83, 1, 16, 1, 3, 11, 4, 2, 1, 15, 1, 16, 14, 19, 1, 3, 10, 8, 21, 41, 5, 5]
mlxfast: routehist rows=512 experts=256 assign=4096 zero=26 min=0 p10=0 p25=3 p50=8 p75=21 p90=38 p99=123 max=215 counts=[5, 1, 13, 1, 1, 36, 2, 5, 15, 16, 0, 6, 3, 1, 8, 4, 0, 2, 0, 0, 0, 53, 0, 15, 2, 11, 58, 25, 5, 28, 8, 20, 8, 23, 1, 13, 33, 37, 0, 54, 54, 5, 30, 48, 1, 6, 7, 14, 3, 12, 6, 19, 2, 20, 5, 0, 65, 9, 13, 0, 15, 5, 3, 2, 43, 12, 3, 0, 4, 21, 2, 10, 17, 6, 1, 14, 4, 9, 10, 25, 2, 22, 25, 25, 6, 0, 14, 10, 28, 8, 142, 1, 4, 3, 2, 7, 13, 0, 27, 4, 28, 14, 20, 19, 12, 0, 9, 14, 7, 7, 4, 14, 5, 25, 123, 3, 47, 40, 16, 8, 7, 17, 9, 0, 57, 1, 15, 12, 50, 18, 37, 6, 21, 2, 1, 0, 8, 0, 14, 21, 4, 5, 7, 4, 48, 34, 5, 7, 60, 29, 24, 0, 11, 8, 5, 3, 0, 15, 0, 7, 0, 8, 9, 6, 3, 19, 215, 13, 2, 44, 5, 7, 7, 4, 4, 1, 1, 29, 11, 5, 4, 38, 41, 3, 2, 32, 5, 29, 14, 50, 6, 10, 3, 16, 15, 11, 12, 0, 3, 1, 31, 0, 23, 33, 22, 28, 28, 7, 8, 5, 3, 22, 43, 17, 0, 73, 35, 5, 5, 10, 10, 2, 1, 44, 7, 36, 20, 15, 1, 5, 1, 0, 18, 0, 115, 17, 8, 29, 9, 52, 0, 5, 2, 8, 33, 25, 19, 39, 11, 5, 27, 32, 24, 7, 13, 2]
mlxfast: routehist rows=512 experts=256 assign=4096 zero=33 min=0 p10=0 p25=3 p50=9 p75=18 p90=39 p99=152 max=256 counts=[0, 0, 42, 10, 0, 5, 12, 57, 18, 15, 5, 4, 3, 3, 13, 3, 0, 0, 3, 0, 0, 9, 18, 9, 12, 11, 44, 15, 4, 11, 9, 1, 46, 18, 2, 8, 23, 55, 2, 3, 17, 12, 45, 54, 2, 4, 4, 2, 11, 3, 21, 6, 27, 15, 23, 19, 30, 8, 32, 1, 0, 3, 21, 0, 17, 6, 1, 1, 14, 5, 1, 0, 6, 29, 14, 4, 14, 2, 0, 39, 7, 7, 13, 20, 5, 63, 10, 8, 9, 11, 0, 17, 3, 11, 4, 4, 12, 10, 6, 20, 31, 8, 16, 2, 12, 152, 43, 65, 4, 6, 1, 3, 5, 5, 16, 5, 58, 5, 68, 8, 0, 15, 16, 4, 22, 1, 0, 18, 16, 17, 6, 9, 1, 1, 0, 0, 6, 15, 2, 19, 0, 0, 7, 34, 17, 2, 77, 3, 84, 39, 15, 0, 16, 0, 0, 3, 4, 8, 7, 30, 0, 4, 16, 0, 15, 13, 11, 27, 15, 21, 173, 13, 6, 6, 1, 2, 32, 3, 0, 6, 0, 5, 30, 12, 15, 17, 13, 43, 41, 6, 32, 4, 256, 11, 23, 8, 11, 1, 48, 3, 25, 2, 21, 25, 11, 24, 10, 6, 35, 14, 1, 3, 4, 3, 22, 17, 0, 12, 30, 2, 9, 0, 55, 16, 5, 42, 0, 29, 0, 31, 6, 0, 57, 6, 4, 12, 17, 0, 12, 1, 0, 35, 3, 0, 12, 73, 13, 3, 15, 12, 81, 29, 9, 4, 11, 11]
mlxfast: routehist rows=512 experts=256 assign=4096 zero=27 min=0 p10=0 p25=3 p50=9 p75=20 p90=38 p99=103 max=254 counts=[14, 15, 17, 11, 25, 3, 0, 41, 14, 1, 2, 1, 0, 0, 35, 3, 0, 29, 57, 117, 0, 1, 41, 85, 10, 5, 75, 14, 10, 0, 10, 1, 22, 15, 16, 20, 21, 45, 7, 50, 10, 19, 84, 2, 0, 2, 19, 2, 24, 13, 6, 7, 4, 6, 8, 3, 14, 29, 1, 0, 4, 36, 38, 7, 14, 13, 9, 10, 9, 2, 8, 6, 1, 16, 23, 1, 9, 33, 13, 7, 12, 13, 24, 42, 1, 3, 3, 6, 11, 0, 0, 100, 0, 7, 5, 7, 6, 23, 26, 9, 9, 4, 0, 32, 21, 12, 18, 31, 12, 3, 0, 12, 6, 5, 6, 7, 18, 44, 15, 0, 0, 19, 12, 0, 1, 0, 7, 11, 1, 10, 53, 19, 13, 2, 0, 8, 10, 12, 4, 2, 0, 18, 3, 5, 8, 10, 1, 17, 3, 31, 67, 1, 28, 4, 1, 3, 8, 7, 1, 10, 19, 5, 3, 2, 5, 7, 11, 254, 8, 8, 13, 1, 4, 13, 24, 7, 0, 13, 2, 83, 38, 0, 41, 2, 11, 33, 1, 4, 25, 0, 36, 6, 60, 21, 1, 43, 4, 10, 4, 11, 1, 8, 24, 10, 18, 15, 2, 24, 2, 10, 7, 38, 1, 24, 18, 20, 29, 3, 6, 12, 8, 19, 1, 14, 23, 28, 103, 23, 2, 23, 5, 24, 0, 5, 1, 16, 71, 65, 49, 0, 22, 0, 32, 9, 51, 18, 13, 21, 14, 0, 1, 8, 3, 4, 7, 0]
mlxfast: routehist rows=512 experts=256 assign=4096 zero=22 min=0 p10=1 p25=5 p50=11 p75=21 p90=36 p99=94 max=131 counts=[20, 44, 113, 2, 4, 9, 16, 23, 43, 20, 10, 38, 25, 4, 5, 10, 3, 5, 20, 3, 21, 15, 41, 8, 19, 8, 10, 4, 0, 0, 1, 4, 12, 18, 32, 34, 94, 17, 5, 6, 12, 27, 21, 1, 2, 20, 5, 0, 7, 31, 5, 53, 5, 2, 10, 20, 36, 36, 17, 4, 0, 8, 17, 3, 8, 18, 4, 14, 11, 16, 13, 21, 1, 17, 21, 67, 37, 11, 14, 4, 39, 9, 9, 41, 23, 3, 20, 2, 20, 0, 0, 23, 12, 9, 16, 7, 11, 6, 81, 7, 7, 6, 13, 0, 7, 15, 17, 40, 9, 13, 14, 8, 21, 8, 15, 1, 29, 1, 10, 5, 38, 6, 4, 12, 34, 4, 1, 18, 16, 1, 13, 36, 17, 7, 4, 0, 10, 11, 2, 65, 7, 8, 3, 2, 16, 23, 13, 17, 6, 11, 25, 0, 15, 21, 0, 12, 4, 0, 4, 33, 7, 34, 5, 15, 25, 31, 7, 4, 3, 0, 23, 24, 64, 6, 7, 20, 15, 14, 14, 31, 0, 29, 1, 47, 14, 13, 131, 26, 0, 25, 32, 9, 5, 25, 44, 25, 22, 16, 18, 4, 24, 0, 36, 12, 0, 33, 6, 5, 2, 17, 1, 16, 12, 8, 23, 0, 7, 2, 12, 21, 25, 11, 24, 5, 88, 10, 6, 13, 0, 7, 6, 1, 10, 1, 34, 9, 71, 1, 17, 0, 5, 25, 43, 16, 16, 8, 10, 17, 0, 2, 11, 6, 0, 6, 39, 0]
mlxfast: routehist rows=512 experts=256 assign=4096 zero=30 min=0 p10=0 p25=3 p50=9 p75=21 p90=39 p99=95 max=134 counts=[3, 3, 55, 7, 2, 30, 72, 38, 32, 80, 11, 29, 7, 5, 3, 0, 0, 15, 21, 0, 8, 18, 8, 49, 5, 113, 9, 9, 16, 17, 5, 0, 10, 2, 4, 9, 11, 58, 1, 11, 8, 0, 5, 4, 1, 73, 2, 17, 9, 2, 1, 14, 0, 17, 13, 0, 50, 5, 26, 29, 0, 6, 1, 8, 1, 4, 3, 3, 7, 6, 4, 22, 1, 49, 0, 25, 91, 6, 0, 48, 15, 2, 7, 6, 8, 37, 0, 19, 8, 19, 2, 4, 3, 9, 3, 35, 0, 5, 3, 7, 24, 0, 12, 19, 17, 39, 6, 13, 3, 81, 12, 9, 5, 58, 21, 2, 27, 6, 4, 11, 9, 12, 11, 0, 0, 8, 0, 11, 10, 1, 24, 5, 4, 95, 22, 5, 16, 12, 20, 27, 7, 11, 29, 5, 14, 12, 13, 34, 0, 12, 24, 0, 20, 0, 0, 1, 33, 3, 3, 21, 23, 30, 7, 0, 17, 7, 64, 8, 40, 18, 5, 27, 14, 0, 10, 26, 3, 11, 4, 3, 16, 6, 29, 24, 9, 0, 8, 52, 23, 14, 134, 4, 0, 20, 0, 3, 20, 11, 33, 26, 1, 2, 0, 2, 0, 13, 6, 1, 36, 78, 17, 61, 12, 0, 9, 18, 61, 11, 21, 1, 4, 15, 2, 66, 30, 4, 5, 1, 16, 19, 2, 24, 23, 1, 7, 23, 21, 1, 31, 0, 2, 13, 48, 3, 9, 4, 8, 2, 6, 11, 7, 4, 8, 72, 73, 0]
mlxfast: routehist rows=512 experts=256 assign=4096 zero=32 min=0 p10=0 p25=3 p50=9 p75=20 p90=43 p99=95 max=140 counts=[44, 8, 11, 13, 0, 0, 3, 1, 14, 8, 71, 0, 31, 26, 14, 0, 0, 0, 7, 2, 0, 0, 21, 8, 7, 29, 62, 28, 1, 8, 5, 0, 6, 19, 1, 72, 10, 13, 52, 21, 5, 0, 15, 20, 8, 2, 1, 37, 11, 1, 10, 16, 1, 26, 16, 13, 20, 8, 21, 8, 0, 18, 8, 1, 2, 5, 31, 13, 7, 3, 2, 9, 4, 17, 43, 2, 19, 0, 4, 42, 33, 12, 22, 1, 2, 2, 11, 65, 3, 7, 12, 6, 22, 19, 58, 11, 9, 2, 29, 2, 0, 43, 6, 3, 0, 30, 3, 95, 41, 18, 16, 17, 13, 37, 2, 13, 19, 11, 4, 13, 33, 0, 4, 44, 14, 15, 16, 19, 3, 0, 40, 9, 6, 45, 4, 7, 30, 0, 2, 33, 4, 16, 16, 59, 47, 0, 21, 72, 20, 17, 10, 0, 13, 2, 9, 6, 44, 14, 7, 24, 72, 140, 4, 1, 22, 4, 0, 3, 5, 14, 6, 12, 11, 31, 2, 20, 30, 12, 13, 19, 22, 6, 8, 5, 101, 12, 7, 14, 8, 9, 45, 1, 46, 75, 9, 0, 6, 1, 3, 13, 6, 0, 0, 3, 0, 8, 47, 1, 9, 12, 34, 24, 15, 55, 0, 34, 5, 12, 68, 0, 6, 0, 4, 12, 9, 4, 1, 16, 0, 17, 1, 0, 32, 13, 7, 7, 29, 0, 6, 12, 1, 0, 24, 5, 7, 3, 10, 17, 9, 46, 37, 0, 5, 76, 12, 1]
mlxfast: routehist rows=512 experts=256 assign=4096 zero=32 min=0 p10=0 p25=3 p50=9 p75=22 p90=38 p99=118 max=135 counts=[0, 18, 1, 6, 33, 8, 9, 70, 1, 0, 76, 20, 2, 3, 19, 0, 0, 2, 25, 6, 0, 4, 8, 2, 0, 70, 10, 18, 15, 55, 3, 2, 13, 13, 42, 38, 0, 13, 11, 26, 15, 31, 6, 0, 33, 41, 5, 47, 2, 5, 3, 26, 1, 7, 3, 4, 5, 2, 16, 14, 2, 12, 0, 39, 5, 0, 2, 13, 13, 37, 22, 30, 8, 13, 3, 1, 32, 5, 36, 0, 12, 4, 36, 6, 22, 0, 6, 8, 33, 7, 0, 29, 11, 3, 6, 5, 5, 2, 26, 14, 6, 7, 7, 35, 11, 9, 5, 24, 10, 2, 42, 25, 10, 7, 8, 13, 15, 3, 106, 33, 4, 5, 83, 7, 1, 8, 2, 13, 26, 2, 3, 23, 0, 114, 9, 0, 8, 0, 0, 11, 0, 6, 28, 19, 118, 0, 1, 29, 12, 99, 13, 30, 0, 1, 0, 26, 30, 38, 39, 24, 16, 7, 22, 2, 14, 35, 3, 4, 6, 24, 48, 9, 11, 5, 0, 3, 0, 6, 22, 7, 20, 12, 1, 7, 8, 1, 30, 23, 10, 2, 40, 6, 37, 34, 16, 10, 20, 37, 5, 20, 6, 16, 13, 0, 6, 12, 19, 0, 10, 10, 13, 3, 2, 13, 10, 0, 4, 132, 19, 18, 4, 5, 1, 39, 1, 13, 7, 0, 0, 15, 0, 11, 20, 13, 51, 47, 9, 0, 0, 27, 9, 0, 3, 26, 135, 2, 39, 9, 16, 2, 19, 4, 5, 1, 40, 8]
mlxfast: routehist rows=512 experts=256 assign=4096 zero=37 min=0 p10=0 p25=2 p50=8 p75=19 p90=42 p99=119 max=209 counts=[1, 5, 4, 8, 0, 1, 11, 8, 7, 0, 2, 6, 41, 14, 4, 0, 0, 0, 1, 43, 4, 55, 23, 0, 5, 25, 2, 57, 5, 16, 6, 0, 18, 42, 9, 1, 1, 31, 1, 13, 10, 3, 6, 3, 6, 4, 3, 0, 51, 48, 9, 2, 0, 0, 48, 5, 1, 0, 15, 9, 0, 49, 0, 24, 7, 6, 1, 20, 1, 15, 5, 27, 3, 0, 4, 0, 10, 1, 20, 2, 2, 58, 18, 8, 8, 9, 21, 10, 9, 1, 0, 6, 8, 6, 12, 5, 10, 112, 0, 11, 4, 1, 7, 16, 13, 9, 34, 32, 151, 2, 31, 57, 37, 14, 84, 26, 1, 6, 34, 8, 2, 1, 46, 7, 9, 11, 3, 19, 74, 42, 16, 0, 1, 9, 6, 0, 21, 2, 0, 12, 1, 32, 30, 22, 6, 5, 3, 8, 0, 5, 18, 0, 1, 39, 0, 26, 15, 8, 1, 0, 4, 7, 0, 11, 5, 100, 3, 119, 10, 3, 44, 15, 13, 2, 5, 15, 0, 7, 29, 4, 38, 10, 209, 19, 30, 39, 9, 2, 27, 10, 25, 4, 33, 6, 10, 7, 0, 12, 5, 14, 29, 0, 12, 2, 0, 22, 1, 14, 4, 6, 32, 0, 41, 3, 43, 0, 44, 9, 11, 0, 7, 1, 1, 6, 40, 5, 18, 21, 0, 68, 0, 8, 37, 10, 16, 1, 5, 0, 0, 8, 14, 1, 53, 8, 1, 10, 110, 86, 6, 0, 33, 2, 40, 18, 10, 4]
mlxfast: routehist rows=512 experts=256 assign=4096 zero=41 min=0 p10=0 p25=2 p50=7 p75=19 p90=39 p99=117 max=271 counts=[0, 1, 0, 11, 0, 25, 27, 27, 3, 22, 13, 9, 35, 8, 6, 2, 0, 2, 21, 3, 0, 5, 54, 0, 0, 68, 6, 26, 6, 16, 23, 0, 0, 0, 7, 10, 14, 3, 3, 6, 2, 2, 4, 5, 4, 0, 2, 43, 3, 117, 6, 0, 10, 9, 18, 15, 2, 1, 23, 10, 0, 9, 0, 18, 2, 30, 72, 12, 0, 7, 25, 7, 1, 8, 9, 2, 46, 34, 7, 38, 0, 0, 18, 10, 7, 0, 17, 3, 17, 16, 0, 35, 8, 21, 32, 5, 1, 31, 26, 24, 16, 3, 1, 12, 0, 0, 5, 50, 101, 19, 2, 63, 12, 3, 0, 16, 14, 34, 19, 36, 4, 34, 14, 20, 34, 70, 0, 0, 12, 4, 6, 4, 78, 0, 30, 12, 7, 0, 3, 13, 7, 98, 1, 7, 8, 52, 6, 1, 4, 10, 29, 0, 3, 2, 0, 2, 27, 0, 13, 11, 4, 27, 4, 7, 18, 6, 5, 20, 4, 3, 2, 39, 81, 3, 16, 4, 82, 8, 7, 63, 271, 4, 7, 5, 2, 12, 10, 0, 1, 14, 9, 1, 13, 8, 0, 11, 14, 15, 5, 23, 38, 0, 4, 6, 11, 0, 19, 0, 7, 6, 46, 0, 40, 2, 4, 3, 12, 3, 2, 0, 1, 0, 12, 4, 76, 6, 0, 151, 0, 5, 1, 45, 5, 69, 19, 20, 2, 0, 7, 1, 17, 2, 16, 23, 10, 5, 25, 2, 7, 0, 6, 9, 81, 54, 4, 12]
mlxfast: routehist rows=512 experts=256 assign=4096 zero=52 min=0 p10=0 p25=1 p50=5 p75=21 p90=40 p99=139 max=213 counts=[10, 13, 3, 19, 0, 1, 0, 3, 3, 0, 6, 5, 12, 3, 21, 0, 0, 27, 9, 40, 2, 0, 20, 16, 2, 11, 4, 2, 3, 3, 72, 26, 36, 17, 74, 10, 0, 5, 6, 24, 213, 0, 31, 139, 15, 0, 1, 46, 0, 42, 22, 5, 0, 11, 25, 0, 2, 21, 98, 34, 10, 1, 2, 3, 7, 0, 7, 101, 0, 11, 6, 29, 3, 3, 3, 15, 10, 6, 0, 3, 0, 0, 3, 1, 5, 5, 88, 0, 5, 5, 0, 9, 27, 24, 109, 1, 10, 80, 0, 4, 4, 7, 4, 51, 0, 0, 4, 20, 1, 30, 8, 7, 86, 26, 1, 59, 1, 0, 4, 68, 5, 0, 34, 1, 38, 143, 2, 5, 3, 3, 3, 60, 4, 0, 62, 26, 13, 10, 1, 0, 3, 19, 0, 0, 27, 5, 54, 17, 4, 0, 23, 0, 8, 3, 17, 3, 0, 1, 6, 30, 4, 4, 24, 11, 5, 37, 80, 3, 25, 0, 25, 36, 28, 1, 0, 22, 22, 11, 5, 13, 0, 7, 12, 64, 0, 28, 14, 1, 22, 1, 0, 0, 2, 19, 1, 11, 0, 6, 1, 14, 1, 0, 18, 17, 0, 29, 0, 0, 5, 21, 12, 0, 12, 2, 79, 1, 35, 15, 5, 0, 7, 0, 0, 0, 11, 1, 0, 7, 14, 12, 0, 1, 38, 11, 1, 2, 18, 11, 3, 54, 47, 4, 5, 0, 11, 13, 0, 38, 15, 30, 0, 4, 21, 53, 17, 13]
mlxfast: routehist rows=512 experts=256 assign=4096 zero=56 min=0 p10=0 p25=1 p50=6 p75=19 p90=39 p99=138 max=375 counts=[5, 375, 22, 38, 5, 13, 14, 48, 0, 50, 24, 2, 12, 58, 4, 0, 0, 0, 3, 9, 0, 1, 83, 4, 0, 0, 0, 14, 0, 2, 4, 12, 0, 22, 2, 1, 11, 55, 0, 4, 5, 1, 9, 3, 0, 7, 0, 37, 4, 7, 1, 4, 3, 0, 7, 5, 90, 6, 0, 55, 0, 23, 11, 31, 0, 7, 26, 57, 0, 10, 0, 42, 5, 56, 4, 0, 3, 0, 28, 0, 39, 9, 1, 7, 13, 0, 4, 37, 45, 14, 0, 0, 5, 9, 217, 0, 1, 0, 19, 3, 4, 28, 2, 0, 20, 26, 33, 24, 2, 16, 1, 6, 36, 8, 4, 0, 133, 23, 51, 1, 16, 2, 11, 9, 0, 4, 10, 7, 50, 7, 7, 5, 13, 38, 17, 0, 17, 5, 1, 3, 8, 49, 41, 0, 10, 39, 4, 53, 2, 33, 35, 14, 1, 0, 1, 5, 0, 4, 1, 11, 19, 16, 0, 28, 16, 43, 1, 14, 22, 6, 11, 30, 14, 1, 0, 2, 30, 0, 14, 13, 6, 33, 5, 0, 24, 1, 1, 0, 55, 5, 5, 11, 18, 4, 0, 5, 13, 20, 3, 0, 1, 0, 32, 5, 5, 9, 0, 0, 10, 103, 19, 11, 0, 12, 0, 0, 38, 27, 4, 8, 18, 18, 22, 10, 0, 0, 10, 1, 11, 1, 2, 2, 9, 0, 138, 0, 6, 0, 59, 8, 14, 0, 20, 14, 28, 13, 0, 0, 0, 11, 12, 2, 5, 9, 29, 33]
mlxfast: routehist rows=512 experts=256 assign=4096 zero=60 min=0 p10=0 p25=1 p50=4 p75=20 p90=47 p99=138 max=174 counts=[21, 0, 4, 5, 3, 0, 3, 0, 1, 58, 2, 0, 25, 1, 122, 0, 0, 2, 11, 0, 8, 68, 0, 0, 3, 2, 18, 11, 2, 5, 4, 0, 3, 4, 0, 36, 11, 4, 1, 11, 3, 17, 0, 5, 10, 9, 16, 3, 0, 47, 4, 2, 3, 1, 10, 0, 124, 24, 0, 69, 14, 11, 7, 20, 2, 15, 174, 48, 0, 31, 47, 42, 0, 4, 22, 19, 0, 0, 75, 2, 12, 0, 2, 18, 2, 0, 7, 11, 21, 0, 2, 1, 3, 2, 4, 3, 0, 26, 16, 2, 22, 6, 11, 0, 0, 1, 0, 7, 3, 0, 30, 0, 19, 3, 4, 76, 0, 0, 24, 0, 70, 29, 0, 12, 4, 2, 4, 16, 2, 0, 3, 12, 1, 138, 5, 59, 13, 3, 15, 1, 0, 20, 13, 73, 8, 0, 155, 0, 19, 5, 38, 0, 3, 21, 0, 58, 1, 2, 18, 18, 0, 34, 10, 0, 59, 27, 42, 60, 28, 87, 13, 12, 0, 1, 1, 4, 0, 0, 14, 2, 13, 13, 0, 0, 45, 9, 4, 0, 18, 4, 3, 57, 32, 12, 2, 4, 31, 67, 6, 26, 82, 3, 0, 5, 26, 3, 0, 0, 21, 0, 11, 0, 1, 24, 35, 1, 16, 0, 4, 47, 30, 43, 0, 4, 1, 12, 47, 10, 29, 14, 0, 58, 6, 1, 87, 2, 3, 3, 0, 24, 18, 0, 22, 0, 4, 0, 42, 0, 22, 4, 21, 0, 2, 43, 1, 16]
mlxfast: routehist rows=512 experts=256 assign=4096 zero=52 min=0 p10=0 p25=1 p50=6 p75=20 p90=40 p99=156 max=213 counts=[12, 60, 3, 0, 2, 9, 53, 7, 10, 0, 4, 2, 6, 5, 10, 1, 0, 19, 11, 0, 1, 49, 45, 42, 2, 4, 2, 2, 30, 3, 5, 0, 17, 0, 30, 18, 7, 2, 6, 0, 60, 1, 8, 2, 34, 5, 20, 1, 15, 0, 1, 1, 5, 0, 0, 9, 4, 0, 0, 13, 37, 0, 1, 12, 0, 0, 5, 1, 0, 0, 17, 17, 2, 4, 31, 135, 0, 0, 31, 53, 8, 0, 1, 6, 1, 0, 113, 11, 1, 13, 0, 10, 8, 25, 16, 64, 0, 6, 1, 14, 16, 24, 4, 3, 75, 6, 2, 0, 2, 0, 12, 0, 44, 9, 7, 16, 25, 1, 1, 2, 0, 7, 0, 28, 11, 33, 6, 14, 0, 3, 172, 2, 11, 41, 6, 24, 32, 3, 22, 1, 0, 23, 24, 0, 30, 87, 23, 7, 1, 153, 25, 0, 0, 10, 1, 36, 22, 213, 21, 0, 0, 12, 1, 3, 18, 0, 19, 1, 19, 0, 5, 25, 156, 6, 4, 7, 0, 0, 12, 51, 25, 107, 0, 1, 1, 2, 3, 24, 38, 15, 0, 3, 18, 26, 28, 0, 13, 54, 28, 2, 29, 1, 0, 30, 2, 15, 0, 1, 0, 17, 21, 0, 0, 19, 29, 5, 29, 15, 1, 4, 13, 3, 23, 2, 3, 7, 1, 4, 16, 9, 0, 10, 8, 0, 52, 1, 47, 0, 30, 1, 46, 4, 1, 28, 40, 0, 2, 16, 2, 4, 83, 8, 8, 19, 17, 0]
mlxfast: routehist rows=512 experts=256 assign=4096 zero=65 min=0 p10=0 p25=0 p50=5 p75=18 p90=45 p99=137 max=413 counts=[21, 413, 11, 9, 15, 14, 8, 0, 0, 5, 21, 0, 0, 35, 0, 0, 0, 1, 6, 1, 57, 16, 18, 2, 0, 0, 1, 1, 3, 0, 1, 0, 8, 0, 3, 93, 55, 1, 70, 8, 0, 0, 5, 1, 23, 0, 14, 0, 0, 21, 5, 15, 18, 4, 1, 5, 7, 0, 6, 28, 0, 3, 2, 10, 20, 5, 1, 0, 0, 10, 43, 94, 5, 47, 1, 32, 11, 8, 1, 1, 4, 0, 7, 13, 0, 7, 5, 0, 0, 0, 0, 5, 9, 7, 85, 30, 7, 25, 23, 12, 9, 9, 10, 48, 19, 58, 137, 29, 24, 0, 2, 0, 17, 28, 3, 0, 8, 24, 41, 54, 18, 0, 2, 0, 3, 3, 0, 18, 1, 0, 12, 18, 2, 0, 10, 11, 236, 2, 7, 31, 13, 1, 4, 59, 0, 14, 89, 2, 16, 20, 5, 0, 2, 6, 0, 10, 51, 0, 7, 1, 11, 5, 1, 0, 2, 9, 1, 7, 36, 7, 1, 54, 26, 13, 1, 9, 26, 4, 0, 7, 41, 0, 14, 0, 22, 4, 1, 3, 25, 12, 2, 0, 21, 0, 55, 5, 81, 0, 0, 14, 3, 93, 14, 37, 6, 14, 1, 6, 0, 28, 7, 0, 51, 21, 62, 5, 0, 0, 0, 0, 4, 13, 57, 0, 0, 4, 45, 0, 13, 20, 3, 42, 0, 0, 8, 0, 0, 0, 0, 0, 3, 25, 1, 17, 0, 5, 5, 3, 4, 56, 13, 0, 103, 1, 2, 4]
mlxfast: routehist rows=512 experts=256 assign=4096 zero=63 min=0 p10=0 p25=1 p50=5 p75=22 p90=43 p99=154 max=243 counts=[0, 2, 0, 3, 3, 2, 57, 0, 2, 8, 4, 0, 13, 0, 5, 0, 1, 47, 1, 1, 0, 11, 0, 1, 7, 0, 32, 5, 1, 2, 0, 30, 2, 5, 2, 41, 16, 24, 28, 0, 10, 2, 53, 1, 3, 0, 43, 5, 3, 1, 22, 224, 0, 51, 7, 7, 3, 6, 2, 7, 1, 0, 3, 2, 76, 0, 23, 0, 0, 0, 42, 13, 68, 36, 2, 1, 4, 1, 0, 56, 8, 0, 26, 8, 1, 0, 22, 3, 26, 1, 0, 2, 0, 5, 0, 3, 2, 26, 39, 0, 6, 6, 0, 19, 17, 53, 3, 0, 92, 10, 0, 33, 1, 0, 11, 0, 7, 40, 4, 51, 0, 6, 0, 3, 8, 2, 7, 0, 103, 26, 2, 12, 0, 11, 2, 13, 0, 3, 24, 10, 4, 243, 7, 9, 1, 10, 24, 0, 2, 0, 26, 0, 0, 17, 0, 26, 3, 1, 24, 15, 0, 2, 18, 12, 1, 81, 0, 25, 0, 48, 69, 47, 16, 0, 0, 4, 0, 2, 9, 1, 69, 154, 25, 18, 11, 6, 28, 58, 10, 18, 0, 0, 42, 0, 0, 2, 38, 0, 0, 1, 104, 7, 70, 15, 0, 18, 0, 5, 25, 8, 0, 0, 23, 1, 1, 26, 0, 7, 32, 1, 40, 37, 5, 28, 5, 8, 1, 8, 6, 39, 0, 10, 4, 1, 1, 0, 22, 2, 107, 103, 0, 20, 1, 4, 1, 32, 12, 13, 0, 0, 20, 31, 12, 52, 0, 10]
mlxfast: routehist rows=512 experts=256 assign=4096 zero=80 min=0 p10=0 p25=0 p50=4 p75=17 p90=38 p99=159 max=244 counts=[6, 244, 28, 0, 6, 1, 1, 0, 6, 0, 5, 33, 31, 10, 1, 0, 1, 0, 33, 0, 0, 11, 240, 8, 0, 4, 17, 8, 4, 2, 1, 0, 1, 0, 0, 102, 4, 0, 0, 1, 24, 0, 1, 4, 1, 10, 0, 1, 4, 8, 0, 0, 2, 3, 7, 0, 1, 1, 1, 17, 28, 1, 47, 0, 8, 0, 34, 3, 0, 37, 1, 3, 30, 17, 0, 4, 3, 40, 106, 0, 4, 2, 41, 25, 1, 0, 0, 7, 0, 0, 2, 14, 8, 1, 0, 44, 0, 2, 36, 77, 11, 0, 0, 21, 27, 10, 0, 10, 26, 0, 2, 2, 10, 26, 0, 0, 0, 21, 11, 0, 32, 1, 0, 0, 0, 72, 14, 1, 0, 0, 2, 0, 1, 1, 11, 0, 0, 0, 7, 0, 5, 27, 36, 2, 0, 5, 0, 9, 98, 0, 157, 5, 10, 0, 0, 3, 0, 0, 6, 2, 159, 1, 23, 0, 1, 2, 15, 32, 1, 138, 29, 7, 26, 0, 15, 18, 0, 6, 0, 16, 0, 8, 0, 132, 21, 16, 8, 18, 104, 7, 0, 7, 0, 6, 1, 0, 0, 18, 2, 17, 8, 0, 2, 8, 55, 5, 0, 89, 4, 2, 51, 0, 1, 20, 17, 0, 15, 99, 4, 0, 30, 90, 15, 0, 2, 9, 0, 6, 45, 20, 0, 12, 22, 0, 39, 1, 30, 0, 30, 11, 31, 13, 0, 78, 33, 3, 0, 0, 19, 0, 38, 26, 5, 50, 0, 0]
mlxfast: routehist rows=512 experts=256 assign=4096 zero=92 min=0 p10=0 p25=0 p50=2 p75=13 p90=38 p99=266 max=449 counts=[0, 449, 0, 0, 5, 4, 20, 51, 0, 10, 0, 0, 4, 0, 2, 0, 1, 0, 0, 0, 21, 11, 266, 14, 0, 0, 8, 47, 2, 30, 0, 0, 1, 33, 11, 3, 1, 0, 10, 0, 0, 0, 2, 1, 3, 0, 2, 107, 0, 47, 18, 4, 0, 0, 1, 0, 2, 6, 13, 0, 4, 1, 35, 336, 3, 0, 6, 12, 3, 4, 0, 136, 21, 27, 1, 26, 26, 3, 0, 8, 0, 0, 48, 0, 1, 0, 0, 1, 0, 112, 0, 5, 13, 0, 11, 13, 11, 27, 0, 2, 26, 13, 17, 0, 42, 5, 11, 1, 4, 0, 0, 0, 0, 0, 0, 26, 24, 4, 0, 57, 32, 0, 0, 5, 5, 3, 0, 0, 0, 1, 68, 32, 3, 0, 5, 5, 0, 49, 2, 5, 0, 16, 9, 1, 1, 13, 1, 4, 6, 32, 1, 0, 0, 0, 0, 0, 6, 0, 2, 0, 0, 17, 0, 0, 32, 0, 1, 22, 0, 25, 11, 18, 95, 0, 5, 30, 34, 0, 55, 16, 0, 0, 1, 4, 3, 11, 0, 2, 38, 0, 0, 7, 52, 15, 2, 2, 61, 5, 6, 0, 0, 0, 2, 6, 0, 1, 0, 0, 0, 15, 0, 0, 2, 0, 25, 10, 90, 1, 4, 1, 13, 5, 50, 7, 19, 1, 0, 3, 25, 249, 1, 15, 52, 49, 0, 22, 0, 0, 7, 4, 6, 1, 0, 36, 5, 1, 46, 0, 0, 78, 14, 0, 4, 0, 13, 0]
mlxfast: routehist rows=512 experts=256 assign=4096 zero=102 min=0 p10=0 p25=0 p50=2 p75=11 p90=46 p99=245 max=313 counts=[0, 0, 0, 0, 36, 0, 9, 12, 12, 0, 0, 0, 0, 0, 0, 16, 31, 0, 21, 7, 0, 1, 112, 0, 0, 23, 3, 0, 4, 0, 64, 1, 0, 1, 1, 26, 0, 13, 0, 4, 0, 21, 1, 3, 84, 72, 0, 0, 20, 1, 245, 19, 0, 8, 0, 0, 0, 0, 3, 0, 1, 5, 10, 0, 76, 0, 11, 8, 3, 13, 7, 15, 0, 8, 6, 98, 65, 0, 0, 0, 0, 5, 66, 4, 0, 0, 1, 122, 313, 1, 40, 2, 2, 14, 1, 6, 11, 1, 0, 16, 7, 1, 0, 5, 25, 7, 4, 0, 0, 0, 83, 6, 0, 2, 10, 39, 0, 10, 0, 0, 100, 4, 0, 1, 0, 0, 1, 4, 2, 0, 0, 0, 0, 0, 0, 36, 0, 0, 0, 45, 0, 0, 248, 10, 49, 7, 0, 11, 1, 60, 5, 5, 10, 0, 0, 42, 13, 0, 39, 3, 0, 6, 14, 2, 49, 1, 46, 7, 2, 6, 3, 0, 0, 0, 6, 26, 7, 28, 0, 10, 0, 3, 0, 0, 7, 0, 1, 64, 1, 3, 1, 0, 4, 50, 4, 2, 0, 9, 0, 2, 23, 2, 1, 18, 60, 0, 0, 0, 6, 6, 0, 3, 0, 0, 0, 19, 57, 0, 44, 0, 27, 212, 1, 0, 16, 0, 4, 0, 7, 43, 0, 0, 0, 27, 0, 220, 75, 0, 0, 0, 53, 2, 0, 0, 0, 0, 6, 9, 3, 35, 35, 0, 1, 9, 8, 0]
mlxfast: routehist rows=512 experts=256 assign=4096 zero=88 min=0 p10=0 p25=0 p50=3 p75=15 p90=38 p99=208 max=397 counts=[36, 100, 1, 1, 2, 15, 9, 0, 0, 19, 0, 0, 24, 0, 28, 0, 12, 1, 20, 0, 0, 0, 2, 108, 5, 0, 13, 5, 12, 0, 397, 0, 39, 4, 3, 49, 29, 0, 5, 1, 0, 4, 17, 45, 9, 37, 1, 14, 7, 9, 0, 9, 0, 5, 6, 261, 0, 0, 7, 8, 2, 19, 2, 13, 3, 20, 0, 0, 0, 1, 4, 18, 27, 20, 19, 1, 11, 0, 167, 2, 2, 11, 0, 27, 0, 0, 1, 0, 4, 0, 9, 0, 0, 2, 1, 102, 27, 11, 0, 24, 4, 7, 12, 0, 0, 0, 7, 0, 0, 4, 3, 88, 30, 72, 1, 0, 1, 13, 0, 17, 14, 3, 0, 7, 7, 25, 40, 15, 1, 4, 0, 0, 26, 7, 5, 9, 33, 2, 13, 0, 88, 1, 0, 3, 74, 48, 0, 0, 0, 0, 22, 1, 2, 0, 0, 0, 12, 0, 60, 12, 0, 9, 23, 0, 53, 23, 0, 32, 10, 1, 0, 20, 0, 0, 0, 1, 0, 2, 8, 1, 3, 0, 0, 0, 4, 5, 5, 0, 32, 2, 5, 0, 4, 4, 11, 24, 1, 23, 0, 5, 2, 3, 0, 1, 1, 43, 0, 16, 75, 4, 0, 37, 0, 0, 0, 0, 35, 3, 7, 29, 11, 0, 0, 0, 0, 0, 0, 8, 0, 16, 96, 208, 67, 44, 0, 0, 183, 0, 37, 6, 59, 0, 2, 0, 0, 1, 0, 4, 0, 0, 0, 1, 14, 10, 38, 2]
mlxfast: routehist rows=512 experts=256 assign=4096 zero=93 min=0 p10=0 p25=0 p50=2 p75=16 p90=33 p99=226 max=455 counts=[0, 0, 4, 0, 0, 39, 0, 30, 0, 143, 1, 0, 5, 0, 17, 32, 12, 0, 0, 1, 0, 12, 0, 0, 0, 0, 0, 91, 3, 0, 27, 2, 0, 31, 7, 2, 10, 0, 16, 1, 0, 7, 35, 0, 16, 15, 5, 25, 9, 0, 23, 2, 0, 139, 2, 2, 0, 3, 22, 25, 2, 8, 0, 3, 0, 5, 4, 297, 1, 0, 0, 15, 3, 24, 7, 167, 3, 0, 0, 6, 0, 0, 4, 98, 3, 1, 0, 0, 37, 0, 24, 13, 0, 20, 46, 2, 44, 17, 0, 2, 8, 11, 0, 0, 2, 6, 2, 20, 0, 0, 4, 0, 0, 5, 21, 7, 0, 0, 53, 0, 0, 1, 0, 24, 0, 98, 5, 0, 71, 0, 1, 0, 55, 0, 9, 2, 0, 0, 25, 0, 28, 24, 0, 8, 19, 34, 5, 4, 8, 58, 16, 1, 1, 38, 0, 8, 0, 27, 455, 1, 226, 0, 1, 1, 1, 0, 1, 9, 0, 0, 0, 0, 1, 22, 1, 6, 1, 0, 2, 0, 5, 10, 0, 1, 20, 18, 0, 1, 17, 0, 28, 11, 24, 43, 33, 0, 0, 16, 82, 6, 3, 7, 1, 0, 0, 26, 1, 2, 1, 1, 0, 8, 0, 3, 4, 0, 30, 18, 0, 0, 0, 21, 0, 0, 0, 14, 0, 1, 0, 30, 0, 6, 1, 0, 29, 0, 29, 0, 0, 7, 23, 0, 13, 0, 11, 38, 2, 11, 198, 22, 14, 31, 45, 7, 0, 14]
mlxfast: routehist rows=512 experts=256 assign=4096 zero=85 min=0 p10=0 p25=0 p50=3 p75=16 p90=39 p99=175 max=232 counts=[0, 6, 22, 0, 0, 17, 1, 3, 0, 12, 4, 5, 21, 0, 17, 4, 20, 26, 0, 13, 147, 26, 16, 0, 1, 0, 1, 16, 2, 13, 21, 0, 20, 54, 153, 1, 0, 1, 44, 7, 0, 0, 1, 0, 1, 0, 3, 2, 0, 4, 0, 0, 0, 4, 5, 0, 0, 11, 232, 0, 0, 2, 17, 1, 0, 15, 1, 121, 0, 0, 4, 0, 5, 7, 0, 12, 15, 0, 5, 33, 36, 33, 3, 2, 17, 0, 10, 10, 170, 31, 16, 14, 39, 0, 44, 15, 3, 1, 18, 0, 66, 0, 0, 0, 1, 1, 0, 0, 13, 0, 6, 1, 9, 18, 0, 4, 4, 15, 0, 58, 0, 33, 15, 3, 2, 0, 38, 9, 1, 4, 5, 206, 1, 3, 5, 159, 64, 0, 7, 26, 0, 15, 6, 0, 6, 38, 13, 31, 33, 33, 57, 14, 0, 1, 0, 11, 24, 0, 9, 20, 0, 4, 0, 1, 14, 175, 12, 4, 0, 0, 0, 63, 7, 49, 43, 15, 3, 3, 0, 1, 19, 10, 41, 12, 0, 0, 0, 20, 10, 1, 46, 1, 53, 3, 0, 0, 1, 1, 25, 26, 5, 8, 21, 0, 11, 0, 0, 3, 1, 114, 0, 11, 0, 0, 99, 0, 0, 0, 0, 4, 1, 36, 0, 0, 0, 0, 1, 0, 2, 0, 0, 1, 105, 12, 10, 20, 17, 6, 0, 0, 1, 15, 93, 0, 0, 26, 0, 0, 0, 36, 0, 0, 0, 24, 1, 4]
mlxfast: routehist rows=512 experts=256 assign=4096 zero=81 min=0 p10=0 p25=0 p50=4 p75=16 p90=37 p99=206 max=505 counts=[1, 111, 0, 0, 0, 5, 72, 1, 0, 0, 5, 0, 0, 40, 23, 0, 3, 9, 1, 4, 0, 27, 0, 0, 0, 3, 0, 1, 3, 5, 7, 0, 0, 3, 0, 0, 62, 11, 0, 1, 2, 0, 0, 0, 1, 40, 244, 2, 11, 0, 13, 1, 8, 0, 0, 12, 0, 0, 9, 0, 0, 4, 14, 0, 0, 57, 0, 4, 0, 46, 169, 5, 4, 21, 20, 1, 2, 1, 0, 7, 30, 13, 2, 37, 138, 0, 2, 9, 22, 13, 8, 4, 6, 14, 6, 13, 3, 0, 27, 0, 11, 16, 11, 46, 0, 32, 0, 0, 4, 52, 1, 9, 2, 0, 17, 6, 0, 0, 7, 0, 7, 18, 28, 0, 17, 3, 12, 0, 1, 34, 13, 0, 505, 2, 1, 1, 0, 4, 18, 57, 0, 16, 0, 0, 32, 0, 20, 0, 0, 0, 0, 17, 10, 7, 15, 4, 10, 7, 0, 10, 6, 1, 0, 0, 6, 4, 0, 0, 33, 8, 5, 32, 206, 93, 48, 6, 7, 1, 36, 0, 18, 11, 14, 0, 0, 5, 14, 1, 0, 0, 0, 38, 17, 10, 54, 13, 0, 0, 3, 1, 1, 1, 10, 5, 36, 0, 56, 0, 7, 15, 0, 1, 0, 2, 35, 0, 15, 3, 23, 1, 41, 10, 1, 45, 0, 12, 144, 1, 0, 2, 0, 0, 18, 20, 15, 36, 18, 0, 24, 10, 66, 30, 5, 21, 0, 6, 0, 19, 16, 19, 5, 0, 47, 9, 6, 22]
mlxfast: routehist rows=512 experts=256 assign=4096 zero=64 min=0 p10=0 p25=1 p50=8 p75=21 p90=35 p99=145 max=285 counts=[9, 12, 0, 13, 0, 1, 18, 2, 14, 32, 12, 0, 28, 22, 24, 25, 5, 0, 2, 0, 0, 0, 2, 1, 6, 18, 52, 23, 13, 7, 0, 0, 21, 9, 16, 10, 18, 116, 0, 1, 0, 1, 33, 22, 7, 7, 0, 33, 9, 12, 39, 5, 0, 17, 0, 272, 26, 15, 21, 5, 10, 10, 0, 4, 8, 35, 1, 36, 0, 1, 74, 5, 53, 0, 2, 5, 9, 1, 11, 2, 20, 1, 4, 85, 34, 0, 25, 3, 2, 17, 0, 31, 17, 13, 7, 10, 3, 2, 0, 10, 29, 32, 37, 0, 0, 12, 1, 0, 34, 2, 0, 3, 60, 24, 47, 0, 25, 18, 9, 0, 24, 17, 0, 4, 3, 7, 17, 4, 6, 56, 16, 0, 0, 6, 3, 0, 1, 13, 2, 23, 2, 14, 1, 21, 25, 0, 2, 11, 0, 18, 77, 0, 0, 14, 18, 0, 16, 14, 46, 27, 0, 23, 10, 19, 285, 5, 0, 0, 18, 14, 0, 25, 0, 4, 0, 11, 2, 21, 2, 38, 86, 44, 0, 0, 0, 0, 5, 3, 13, 11, 32, 0, 11, 0, 1, 7, 7, 30, 17, 8, 5, 16, 40, 0, 38, 0, 0, 11, 9, 0, 0, 35, 0, 0, 21, 0, 25, 8, 0, 15, 11, 34, 6, 24, 0, 0, 1, 8, 145, 15, 0, 57, 10, 1, 0, 43, 31, 0, 44, 25, 4, 18, 10, 2, 26, 23, 17, 0, 0, 7, 16, 38, 0, 27, 22, 8]
mlxfast: routehist rows=512 experts=256 assign=4096 zero=52 min=0 p10=0 p25=1 p50=8 p75=19 p90=42 p99=109 max=172 counts=[66, 26, 90, 0, 1, 31, 7, 1, 0, 14, 7, 26, 3, 8, 35, 65, 66, 15, 31, 29, 101, 0, 4, 11, 4, 8, 3, 0, 5, 12, 16, 36, 21, 9, 0, 1, 3, 3, 9, 0, 1, 21, 9, 36, 14, 4, 0, 2, 24, 0, 36, 32, 0, 5, 0, 0, 15, 4, 0, 2, 0, 17, 11, 0, 1, 0, 66, 0, 3, 42, 14, 34, 0, 43, 10, 6, 6, 4, 8, 4, 0, 27, 7, 0, 0, 0, 0, 1, 6, 20, 16, 3, 42, 39, 0, 0, 27, 25, 8, 17, 5, 0, 44, 13, 1, 4, 2, 0, 18, 11, 0, 12, 17, 2, 0, 0, 0, 0, 46, 6, 3, 3, 14, 7, 36, 8, 8, 41, 9, 1, 0, 72, 0, 16, 5, 46, 102, 8, 3, 34, 11, 82, 0, 1, 17, 0, 0, 3, 0, 16, 12, 20, 7, 1, 1, 3, 1, 16, 12, 12, 0, 8, 15, 4, 2, 1, 15, 6, 18, 6, 45, 19, 11, 109, 17, 12, 60, 2, 0, 11, 9, 11, 41, 13, 8, 0, 5, 2, 19, 0, 38, 6, 49, 0, 6, 0, 0, 0, 33, 17, 43, 4, 39, 1, 17, 0, 1, 135, 32, 69, 40, 21, 6, 10, 18, 0, 24, 41, 12, 0, 12, 19, 1, 39, 1, 9, 15, 63, 172, 3, 0, 13, 3, 3, 3, 10, 0, 0, 54, 3, 28, 49, 0, 3, 21, 11, 11, 5, 10, 36, 12, 13, 4, 13, 23, 12]
mlxfast: routehist rows=512 experts=256 assign=4096 zero=59 min=0 p10=0 p25=1 p50=7 p75=21 p90=36 p99=109 max=281 counts=[16, 0, 18, 0, 0, 19, 7, 0, 12, 0, 4, 0, 96, 14, 49, 13, 4, 28, 35, 9, 86, 26, 8, 2, 2, 0, 13, 14, 6, 1, 26, 28, 23, 13, 2, 109, 26, 12, 1, 0, 0, 0, 11, 0, 3, 0, 0, 9, 13, 1, 20, 14, 3, 48, 2, 0, 44, 14, 1, 0, 0, 0, 7, 14, 0, 21, 3, 3, 0, 43, 0, 70, 0, 78, 0, 4, 56, 3, 0, 0, 6, 4, 7, 75, 3, 1, 0, 1, 18, 0, 34, 3, 9, 16, 0, 6, 3, 19, 11, 19, 7, 21, 3, 27, 1, 2, 1, 5, 1, 24, 0, 9, 8, 0, 9, 0, 10, 0, 24, 0, 36, 0, 23, 14, 30, 29, 10, 14, 2, 15, 36, 3, 0, 6, 31, 31, 24, 0, 5, 0, 3, 4, 0, 67, 3, 44, 1, 0, 20, 11, 0, 34, 25, 19, 0, 1, 24, 0, 2, 5, 18, 3, 17, 0, 16, 55, 34, 55, 7, 4, 26, 0, 19, 0, 0, 4, 5, 3, 7, 23, 4, 0, 16, 2, 26, 0, 17, 0, 0, 11, 9, 3, 7, 0, 13, 0, 8, 0, 7, 8, 30, 168, 61, 10, 27, 0, 0, 11, 24, 281, 0, 36, 4, 9, 4, 0, 34, 23, 24, 2, 3, 3, 33, 47, 2, 7, 88, 2, 1, 13, 0, 5, 28, 1, 0, 57, 1, 10, 11, 0, 16, 26, 34, 60, 20, 10, 5, 52, 7, 5, 4, 106, 49, 33, 1, 15]
mlxfast: routehist rows=512 experts=256 assign=4096 zero=58 min=0 p10=0 p25=1 p50=8 p75=21 p90=37 p99=122 max=282 counts=[40, 31, 22, 21, 0, 11, 2, 0, 36, 13, 6, 5, 30, 14, 12, 48, 0, 0, 3, 0, 6, 21, 16, 4, 20, 34, 21, 0, 5, 30, 0, 14, 9, 11, 10, 18, 1, 122, 5, 7, 23, 0, 20, 0, 14, 56, 1, 43, 4, 24, 0, 18, 15, 0, 0, 3, 29, 0, 3, 0, 1, 33, 21, 46, 24, 0, 35, 20, 9, 99, 41, 0, 2, 30, 36, 0, 56, 24, 27, 0, 0, 7, 8, 7, 5, 15, 0, 0, 28, 8, 28, 0, 1, 4, 0, 10, 39, 103, 3, 35, 1, 2, 5, 0, 34, 54, 5, 0, 28, 16, 37, 7, 13, 0, 5, 5, 2, 24, 45, 15, 1, 0, 4, 10, 13, 13, 23, 15, 0, 14, 16, 13, 8, 0, 13, 26, 10, 25, 45, 5, 4, 10, 1, 9, 0, 18, 12, 14, 11, 0, 3, 1, 1, 1, 0, 10, 1, 3, 9, 3, 0, 30, 0, 28, 8, 1, 46, 4, 6, 11, 0, 13, 0, 19, 0, 1, 0, 0, 0, 44, 6, 20, 112, 6, 15, 8, 26, 60, 3, 0, 0, 61, 5, 14, 7, 15, 72, 0, 22, 12, 22, 13, 23, 3, 17, 0, 0, 2, 2, 107, 1, 18, 0, 0, 0, 3, 18, 8, 0, 0, 28, 32, 23, 24, 0, 3, 15, 38, 5, 0, 6, 0, 6, 2, 1, 18, 0, 3, 6, 30, 0, 3, 0, 10, 0, 28, 129, 282, 14, 2, 16, 4, 62, 19, 6, 0]
mlxfast: routehist rows=512 experts=256 assign=4096 zero=52 min=0 p10=0 p25=1 p50=6 p75=22 p90=41 p99=145 max=196 counts=[7, 0, 1, 0, 23, 4, 18, 0, 0, 8, 0, 44, 11, 0, 31, 61, 33, 2, 13, 16, 5, 3, 58, 112, 1, 17, 25, 1, 6, 10, 1, 17, 1, 0, 2, 5, 1, 26, 18, 3, 0, 25, 8, 24, 35, 1, 6, 0, 0, 6, 0, 9, 27, 2, 1, 16, 7, 11, 1, 18, 8, 52, 0, 0, 6, 9, 34, 51, 4, 42, 2, 27, 104, 6, 27, 2, 0, 14, 1, 20, 9, 58, 11, 8, 3, 6, 6, 0, 1, 1, 0, 2, 0, 45, 5, 6, 5, 0, 4, 17, 2, 69, 31, 16, 0, 0, 0, 0, 4, 4, 0, 8, 0, 32, 8, 3, 1, 0, 17, 0, 16, 67, 7, 20, 5, 3, 25, 48, 1, 31, 55, 5, 5, 0, 3, 5, 27, 5, 1, 29, 4, 2, 4, 24, 7, 0, 39, 7, 0, 2, 2, 31, 31, 3, 3, 0, 6, 23, 28, 17, 2, 12, 1, 32, 169, 13, 1, 57, 5, 41, 15, 10, 37, 0, 9, 0, 3, 12, 2, 38, 72, 0, 196, 145, 29, 43, 0, 1, 21, 12, 37, 6, 16, 0, 0, 2, 22, 11, 23, 35, 0, 24, 2, 0, 0, 0, 0, 4, 19, 3, 2, 15, 0, 0, 0, 10, 41, 31, 2, 19, 20, 29, 4, 3, 0, 4, 8, 3, 127, 0, 0, 0, 3, 22, 0, 7, 54, 0, 12, 47, 14, 18, 115, 0, 22, 14, 2, 10, 7, 2, 68, 5, 0, 6, 2, 3]
mlxfast: routehist rows=512 experts=256 assign=4096 zero=61 min=0 p10=0 p25=1 p50=8 p75=20 p90=39 p99=159 max=218 counts=[14, 16, 95, 0, 0, 5, 17, 2, 0, 37, 37, 21, 0, 0, 3, 4, 12, 28, 10, 4, 0, 0, 42, 0, 19, 20, 4, 0, 40, 0, 34, 0, 5, 20, 0, 20, 0, 0, 0, 2, 10, 1, 20, 0, 18, 14, 11, 9, 3, 0, 36, 26, 0, 0, 4, 15, 1, 0, 0, 6, 26, 16, 0, 12, 0, 68, 2, 22, 13, 33, 43, 2, 1, 36, 22, 0, 30, 21, 2, 0, 0, 35, 4, 159, 9, 9, 8, 6, 5, 7, 46, 1, 0, 1, 9, 4, 11, 30, 4, 7, 17, 24, 0, 17, 3, 14, 1, 12, 73, 13, 11, 0, 7, 0, 6, 22, 9, 2, 25, 0, 9, 19, 6, 10, 2, 4, 1, 6, 0, 0, 9, 15, 0, 0, 6, 24, 0, 1, 15, 0, 14, 20, 8, 56, 15, 10, 0, 4, 67, 35, 0, 9, 1, 10, 0, 218, 0, 11, 47, 37, 10, 24, 30, 4, 0, 10, 41, 23, 34, 0, 12, 1, 39, 68, 8, 1, 13, 0, 43, 15, 25, 14, 19, 4, 48, 17, 0, 165, 15, 0, 2, 0, 4, 4, 0, 34, 17, 22, 5, 51, 36, 24, 0, 37, 2, 0, 19, 8, 3, 22, 7, 64, 0, 30, 7, 2, 2, 8, 36, 5, 1, 19, 14, 20, 0, 0, 68, 14, 3, 0, 0, 35, 0, 2, 0, 48, 105, 3, 8, 11, 1, 0, 74, 1, 59, 16, 0, 5, 7, 71, 0, 9, 0, 14, 18, 2]
mlxfast: routehist rows=512 experts=256 assign=4096 zero=54 min=0 p10=0 p25=1 p50=6 p75=20 p90=38 p99=146 max=235 counts=[10, 16, 32, 169, 52, 21, 5, 14, 37, 1, 0, 22, 69, 13, 12, 4, 2, 0, 6, 8, 10, 0, 5, 2, 16, 37, 0, 4, 24, 24, 14, 0, 22, 23, 8, 3, 6, 0, 2, 2, 1, 0, 22, 5, 15, 5, 19, 1, 1, 3, 19, 26, 9, 0, 1, 0, 2, 12, 1, 4, 11, 0, 14, 76, 0, 4, 0, 39, 0, 235, 17, 4, 7, 1, 22, 0, 1, 0, 0, 27, 0, 30, 4, 0, 26, 10, 0, 9, 146, 5, 1, 0, 6, 10, 3, 2, 1, 31, 0, 19, 8, 61, 44, 3, 7, 136, 0, 9, 4, 9, 50, 8, 0, 0, 96, 37, 14, 17, 9, 18, 5, 7, 0, 37, 86, 16, 0, 13, 3, 0, 5, 23, 27, 1, 10, 4, 41, 1, 9, 19, 2, 0, 73, 20, 6, 1, 1, 4, 26, 23, 19, 7, 15, 45, 0, 0, 0, 5, 99, 20, 36, 5, 0, 1, 26, 9, 14, 10, 109, 1, 25, 0, 59, 0, 12, 27, 25, 27, 82, 7, 3, 6, 34, 2, 0, 7, 0, 0, 4, 6, 0, 7, 2, 38, 0, 2, 0, 3, 2, 14, 3, 4, 1, 21, 16, 31, 0, 2, 3, 6, 0, 7, 3, 1, 0, 21, 0, 2, 38, 7, 7, 4, 2, 0, 97, 9, 14, 35, 0, 0, 10, 2, 6, 10, 25, 24, 49, 0, 0, 3, 8, 0, 0, 0, 36, 65, 4, 12, 6, 43, 0, 13, 23, 5, 8, 0]
mlxfast: routehist rows=512 experts=256 assign=4096 zero=44 min=0 p10=0 p25=1 p50=7 p75=17 p90=39 p99=152 max=235 counts=[235, 6, 1, 25, 12, 5, 5, 80, 0, 0, 0, 30, 18, 45, 0, 11, 10, 1, 16, 22, 34, 0, 12, 4, 11, 19, 2, 0, 54, 0, 4, 15, 2, 0, 15, 26, 16, 9, 14, 22, 37, 0, 30, 6, 9, 0, 13, 3, 2, 0, 32, 3, 1, 0, 1, 2, 7, 3, 0, 1, 0, 6, 0, 8, 14, 11, 152, 4, 3, 5, 3, 0, 19, 8, 3, 7, 1, 0, 0, 0, 8, 151, 48, 1, 14, 38, 11, 0, 16, 3, 15, 0, 5, 6, 0, 7, 0, 2, 16, 17, 0, 2, 7, 1, 218, 4, 13, 1, 52, 4, 8, 0, 1, 0, 8, 39, 13, 0, 16, 9, 0, 6, 36, 21, 39, 30, 1, 19, 1, 1, 0, 1, 24, 0, 17, 22, 26, 11, 5, 43, 12, 6, 85, 4, 9, 15, 1, 9, 59, 29, 9, 32, 1, 48, 3, 11, 13, 14, 0, 1, 6, 0, 0, 16, 73, 4, 35, 7, 10, 17, 16, 50, 8, 10, 0, 9, 31, 43, 20, 44, 33, 16, 96, 17, 6, 4, 33, 0, 14, 11, 0, 30, 0, 2, 2, 116, 14, 8, 8, 1, 39, 0, 17, 8, 1, 21, 94, 24, 2, 4, 2, 3, 37, 1, 1, 0, 6, 3, 0, 3, 0, 1, 2, 17, 5, 1, 2, 1, 4, 15, 21, 1, 8, 4, 0, 12, 13, 2, 0, 9, 2, 1, 23, 17, 2, 19, 7, 3, 0, 6, 59, 10, 14, 4, 101, 41]
mlxfast: routehist rows=512 experts=256 assign=4096 zero=60 min=0 p10=0 p25=1 p50=5 p75=16 p90=43 p99=170 max=217 counts=[0, 1, 0, 0, 0, 1, 7, 0, 12, 83, 0, 7, 54, 0, 41, 0, 15, 7, 8, 0, 11, 0, 35, 50, 18, 14, 0, 0, 5, 13, 25, 4, 0, 2, 0, 2, 2, 3, 15, 3, 32, 36, 0, 32, 18, 32, 36, 2, 0, 1, 3, 5, 0, 1, 0, 1, 4, 7, 22, 0, 2, 2, 0, 79, 1, 1, 3, 0, 0, 0, 0, 0, 1, 2, 19, 0, 31, 3, 0, 10, 0, 5, 2, 0, 3, 0, 0, 0, 47, 0, 2, 2, 0, 2, 1, 0, 1, 16, 4, 4, 7, 12, 161, 7, 10, 2, 13, 1, 4, 5, 2, 13, 217, 4, 8, 1, 25, 66, 113, 4, 15, 1, 3, 43, 1, 3, 60, 16, 11, 9, 1, 0, 0, 32, 7, 12, 12, 5, 0, 6, 120, 13, 69, 6, 44, 6, 0, 73, 0, 3, 0, 15, 2, 35, 2, 3, 15, 2, 5, 8, 1, 6, 14, 15, 7, 5, 0, 3, 8, 2, 0, 32, 12, 14, 0, 0, 0, 2, 68, 43, 93, 5, 7, 40, 33, 4, 0, 2, 9, 53, 34, 16, 8, 16, 13, 19, 0, 0, 18, 125, 0, 2, 1, 23, 43, 15, 18, 2, 2, 33, 26, 21, 22, 3, 39, 0, 170, 34, 3, 0, 25, 2, 15, 26, 2, 0, 11, 15, 43, 30, 6, 95, 2, 22, 0, 6, 8, 0, 52, 13, 24, 0, 1, 0, 13, 0, 11, 12, 0, 2, 15, 183, 5, 26, 1, 0]
mlxfast: routehist rows=512 experts=256 assign=4096 zero=50 min=0 p10=0 p25=1 p50=6 p75=20 p90=42 p99=146 max=185 counts=[66, 10, 63, 70, 17, 40, 11, 0, 0, 4, 0, 30, 25, 4, 3, 5, 7, 0, 27, 0, 6, 28, 5, 0, 1, 0, 70, 2, 77, 0, 18, 1, 1, 32, 6, 9, 2, 4, 36, 0, 30, 1, 0, 36, 12, 8, 66, 8, 9, 0, 10, 4, 0, 1, 0, 1, 3, 0, 12, 0, 0, 4, 22, 0, 11, 5, 6, 13, 6, 1, 3, 43, 39, 2, 12, 3, 0, 11, 10, 8, 0, 2, 23, 0, 0, 11, 3, 1, 5, 0, 0, 0, 26, 0, 0, 1, 2, 6, 28, 4, 0, 8, 11, 6, 3, 17, 12, 24, 0, 10, 23, 112, 79, 0, 25, 9, 49, 30, 8, 16, 35, 0, 1, 0, 10, 16, 8, 14, 1, 5, 20, 26, 0, 168, 19, 16, 1, 13, 0, 10, 0, 2, 17, 10, 16, 57, 9, 8, 1, 2, 74, 2, 1, 18, 33, 77, 4, 0, 8, 42, 2, 0, 47, 0, 185, 33, 15, 11, 35, 4, 4, 49, 1, 15, 0, 0, 0, 3, 19, 1, 3, 5, 12, 94, 0, 9, 23, 2, 11, 6, 2, 18, 0, 20, 0, 8, 31, 0, 2, 0, 0, 0, 29, 1, 37, 25, 13, 1, 4, 5, 5, 39, 33, 0, 1, 22, 6, 2, 4, 16, 47, 2, 38, 4, 5, 3, 32, 44, 10, 16, 1, 18, 12, 1, 2, 2, 80, 10, 146, 4, 39, 22, 7, 28, 1, 65, 8, 0, 1, 20, 0, 45, 28, 5, 4, 55]
mlxfast: routehist rows=512 experts=256 assign=4096 zero=79 min=0 p10=0 p25=0 p50=3 p75=18 p90=47 p99=151 max=178 counts=[44, 22, 0, 2, 0, 0, 20, 0, 15, 87, 2, 37, 7, 0, 12, 0, 103, 1, 5, 0, 16, 1, 17, 0, 11, 3, 85, 2, 2, 0, 20, 7, 1, 1, 4, 70, 0, 9, 20, 5, 3, 11, 36, 11, 1, 18, 0, 129, 9, 0, 0, 44, 32, 13, 0, 0, 8, 0, 6, 0, 0, 1, 8, 0, 11, 44, 19, 2, 0, 0, 0, 45, 97, 11, 54, 2, 0, 3, 9, 33, 10, 20, 0, 0, 16, 0, 0, 0, 30, 0, 0, 2, 5, 0, 57, 11, 0, 127, 1, 61, 29, 0, 8, 3, 9, 0, 24, 14, 1, 1, 36, 0, 0, 8, 12, 17, 2, 0, 49, 0, 3, 0, 6, 57, 11, 6, 0, 2, 2, 0, 0, 0, 7, 1, 14, 0, 16, 1, 3, 2, 5, 0, 0, 3, 0, 16, 54, 47, 2, 0, 8, 22, 15, 1, 14, 46, 20, 2, 0, 0, 0, 47, 0, 93, 144, 2, 0, 90, 19, 4, 178, 2, 48, 50, 0, 0, 8, 0, 22, 31, 0, 22, 81, 33, 9, 7, 1, 16, 16, 3, 2, 0, 21, 3, 0, 158, 20, 2, 0, 151, 14, 32, 1, 0, 30, 0, 3, 0, 2, 1, 2, 4, 26, 4, 8, 2, 0, 0, 1, 0, 7, 0, 25, 0, 0, 7, 0, 16, 0, 5, 1, 0, 69, 15, 0, 65, 15, 12, 29, 35, 1, 0, 0, 20, 16, 0, 1, 63, 6, 0, 0, 4, 4, 0, 36, 1]
mlxfast: routehist rows=512 experts=256 assign=4096 zero=12 min=0 p10=3 p25=7 p50=13 p75=23 p90=33 p99=61 max=141 counts=[3, 11, 40, 6, 17, 17, 5, 25, 24, 9, 34, 61, 23, 12, 48, 21, 33, 27, 12, 41, 7, 14, 2, 3, 82, 27, 13, 9, 14, 18, 14, 3, 33, 1, 1, 27, 7, 40, 7, 26, 23, 19, 11, 26, 10, 4, 13, 4, 24, 8, 26, 0, 18, 15, 23, 9, 6, 15, 20, 6, 11, 17, 8, 13, 25, 13, 9, 4, 14, 44, 11, 19, 9, 14, 13, 14, 4, 8, 0, 11, 9, 41, 9, 12, 4, 9, 5, 13, 39, 7, 31, 8, 36, 7, 16, 4, 16, 20, 6, 17, 18, 8, 7, 10, 7, 1, 25, 3, 33, 0, 1, 16, 27, 14, 0, 6, 16, 7, 5, 9, 2, 15, 7, 5, 16, 5, 19, 17, 5, 12, 18, 28, 8, 3, 3, 7, 6, 25, 11, 10, 23, 37, 11, 17, 7, 25, 0, 6, 4, 41, 11, 1, 9, 6, 14, 6, 11, 0, 13, 9, 20, 41, 4, 5, 8, 20, 16, 16, 20, 17, 24, 12, 7, 8, 11, 24, 12, 16, 9, 29, 31, 12, 6, 27, 13, 34, 33, 0, 10, 44, 43, 34, 12, 12, 11, 14, 0, 21, 28, 4, 25, 27, 4, 26, 0, 0, 33, 6, 22, 3, 5, 21, 17, 7, 7, 22, 23, 9, 3, 27, 11, 32, 4, 8, 4, 26, 1, 22, 38, 23, 16, 13, 17, 24, 9, 18, 25, 0, 15, 36, 4, 26, 12, 52, 16, 141, 10, 14, 43, 9, 16, 6, 24, 31, 2, 0]
mlxfast: routehist rows=512 experts=256 assign=4096 zero=5 min=0 p10=4 p25=7 p50=13 p75=23 p90=32 p99=50 max=58 counts=[9, 10, 23, 18, 0, 7, 9, 27, 26, 33, 8, 30, 35, 27, 43, 6, 9, 24, 5, 20, 10, 35, 6, 19, 19, 13, 17, 13, 9, 13, 27, 16, 4, 43, 5, 10, 58, 15, 0, 31, 29, 9, 16, 19, 3, 0, 4, 17, 4, 24, 48, 2, 27, 17, 5, 8, 14, 16, 13, 23, 10, 34, 18, 4, 3, 29, 20, 16, 8, 7, 11, 2, 17, 38, 19, 29, 14, 43, 9, 9, 13, 26, 19, 22, 29, 9, 27, 20, 22, 16, 31, 15, 23, 24, 12, 5, 14, 30, 7, 1, 11, 8, 22, 10, 4, 19, 13, 33, 4, 23, 1, 2, 8, 8, 11, 3, 17, 10, 37, 25, 9, 3, 11, 50, 20, 12, 23, 12, 12, 41, 7, 31, 11, 27, 11, 11, 3, 20, 4, 0, 24, 8, 20, 32, 22, 38, 25, 8, 32, 10, 23, 13, 13, 10, 7, 26, 1, 5, 5, 3, 23, 12, 14, 6, 48, 21, 16, 5, 4, 49, 1, 13, 8, 37, 15, 27, 11, 42, 35, 4, 22, 1, 10, 4, 9, 27, 33, 12, 23, 24, 35, 8, 23, 4, 15, 14, 24, 15, 15, 8, 6, 7, 4, 9, 10, 54, 18, 5, 28, 15, 7, 14, 4, 23, 5, 14, 11, 28, 6, 0, 37, 5, 9, 13, 1, 4, 12, 22, 5, 13, 4, 18, 5, 7, 6, 22, 15, 2, 10, 3, 16, 5, 6, 18, 40, 11, 26, 9, 19, 29, 4, 7, 13, 16, 29, 3]
mlxfast: routehist rows=512 experts=256 assign=4096 zero=19 min=0 p10=1 p25=5 p50=11 p75=21 p90=35 p99=91 max=102 counts=[2, 0, 7, 11, 0, 12, 9, 1, 6, 20, 0, 11, 102, 77, 9, 24, 14, 18, 11, 8, 19, 9, 16, 16, 12, 16, 90, 27, 1, 28, 2, 1, 2, 69, 1, 9, 0, 7, 7, 18, 15, 9, 10, 30, 19, 25, 30, 11, 12, 7, 1, 0, 9, 31, 31, 12, 11, 8, 28, 5, 29, 1, 40, 8, 12, 10, 10, 6, 11, 13, 36, 0, 19, 9, 20, 8, 5, 9, 9, 1, 3, 45, 29, 19, 14, 25, 16, 17, 15, 19, 13, 13, 33, 1, 4, 21, 4, 25, 34, 20, 9, 1, 0, 21, 3, 0, 1, 17, 27, 10, 0, 25, 68, 50, 12, 35, 20, 20, 8, 42, 19, 11, 12, 27, 11, 2, 11, 67, 11, 10, 10, 12, 1, 0, 6, 45, 0, 20, 14, 10, 29, 2, 24, 24, 17, 36, 9, 24, 3, 19, 7, 22, 8, 18, 40, 10, 11, 17, 3, 7, 1, 7, 19, 3, 58, 98, 5, 43, 5, 43, 20, 13, 1, 2, 8, 9, 13, 9, 1, 0, 10, 3, 5, 17, 5, 91, 7, 22, 24, 2, 19, 5, 52, 11, 8, 15, 0, 35, 43, 14, 1, 0, 5, 23, 17, 16, 24, 4, 7, 12, 3, 5, 17, 13, 22, 21, 4, 1, 27, 1, 3, 1, 29, 2, 18, 24, 20, 17, 2, 10, 4, 9, 1, 0, 10, 3, 36, 12, 0, 6, 0, 0, 6, 25, 23, 9, 29, 9, 0, 14, 53, 27, 29, 14, 60, 2]
mlxfast: routehist rows=512 experts=256 assign=4096 zero=33 min=0 p10=0 p25=2 p50=7 p75=16 p90=42 p99=167 max=214 counts=[4, 4, 4, 2, 4, 0, 0, 22, 29, 8, 13, 0, 74, 0, 4, 2, 0, 3, 3, 78, 7, 66, 14, 1, 26, 8, 8, 10, 12, 2, 0, 0, 9, 28, 3, 0, 21, 4, 8, 16, 16, 65, 24, 4, 3, 0, 0, 2, 6, 7, 19, 6, 12, 19, 42, 16, 1, 7, 4, 19, 8, 5, 19, 13, 3, 1, 12, 5, 2, 8, 126, 0, 4, 11, 167, 96, 2, 9, 7, 132, 9, 7, 1, 0, 1, 3, 45, 161, 50, 7, 8, 20, 7, 3, 12, 1, 1, 0, 6, 16, 5, 7, 28, 13, 5, 11, 1, 30, 2, 1, 2, 16, 14, 9, 16, 16, 1, 4, 0, 71, 55, 1, 3, 20, 1, 1, 15, 4, 2, 1, 41, 7, 1, 1, 17, 8, 69, 30, 16, 22, 5, 8, 14, 1, 1, 0, 11, 0, 17, 2, 9, 15, 22, 13, 3, 0, 17, 0, 35, 10, 46, 2, 0, 2, 5, 46, 4, 6, 0, 11, 2, 4, 16, 0, 0, 13, 11, 3, 5, 32, 116, 0, 16, 2, 4, 9, 2, 29, 28, 8, 1, 1, 10, 23, 0, 87, 24, 7, 11, 45, 1, 31, 4, 22, 21, 10, 214, 6, 8, 1, 0, 0, 7, 1, 2, 0, 4, 5, 62, 15, 2, 34, 16, 0, 3, 1, 17, 175, 0, 54, 10, 4, 2, 16, 2, 46, 3, 0, 0, 1, 1, 3, 3, 64, 0, 7, 9, 21, 23, 2, 2, 0, 8, 9, 5, 1]
mlxfast: routehist rows=512 experts=256 assign=4096 zero=20 min=0 p10=1 p25=3 p50=9 p75=20 p90=37 p99=112 max=268 counts=[61, 24, 112, 8, 0, 8, 11, 42, 7, 4, 1, 2, 35, 1, 1, 9, 0, 1, 16, 16, 2, 24, 10, 29, 36, 6, 11, 18, 10, 28, 18, 54, 46, 21, 38, 1, 64, 9, 2, 5, 10, 3, 10, 18, 0, 3, 8, 11, 1, 1, 27, 20, 9, 16, 3, 7, 17, 17, 6, 0, 62, 21, 14, 26, 25, 8, 3, 35, 12, 25, 3, 9, 5, 10, 4, 37, 32, 47, 20, 4, 7, 5, 5, 12, 7, 0, 7, 206, 2, 17, 24, 29, 14, 10, 8, 15, 33, 3, 22, 4, 10, 0, 2, 1, 0, 0, 10, 4, 3, 4, 3, 21, 2, 13, 83, 2, 37, 5, 17, 0, 19, 9, 0, 0, 18, 6, 20, 17, 13, 1, 41, 16, 51, 0, 4, 1, 11, 17, 0, 8, 58, 3, 4, 43, 4, 1, 0, 2, 0, 6, 3, 12, 20, 36, 3, 5, 1, 15, 18, 37, 54, 8, 17, 58, 24, 17, 2, 8, 0, 20, 18, 12, 5, 19, 14, 0, 9, 1, 32, 31, 5, 19, 2, 18, 9, 14, 3, 6, 3, 1, 8, 24, 1, 3, 1, 67, 11, 6, 13, 2, 1, 1, 268, 0, 26, 0, 3, 23, 7, 19, 30, 5, 22, 8, 1, 9, 45, 1, 29, 71, 27, 1, 8, 2, 3, 1, 8, 17, 27, 4, 30, 1, 0, 2, 83, 1, 16, 1, 3, 11, 4, 2, 1, 15, 1, 16, 14, 19, 1, 3, 10, 8, 21, 41, 5, 5]
mlxfast: routehist rows=512 experts=256 assign=4096 zero=26 min=0 p10=0 p25=3 p50=8 p75=21 p90=38 p99=123 max=215 counts=[5, 1, 13, 1, 1, 36, 2, 5, 15, 16, 0, 6, 3, 1, 8, 4, 0, 2, 0, 0, 0, 53, 0, 15, 2, 11, 58, 25, 5, 28, 8, 20, 8, 23, 1, 13, 33, 37, 0, 54, 54, 5, 30, 48, 1, 6, 7, 14, 3, 12, 6, 19, 2, 20, 5, 0, 65, 9, 13, 0, 15, 5, 3, 2, 43, 12, 3, 0, 4, 21, 2, 10, 17, 6, 1, 14, 4, 9, 10, 25, 2, 22, 25, 25, 6, 0, 14, 10, 28, 8, 142, 1, 4, 3, 2, 7, 13, 0, 27, 4, 28, 14, 20, 19, 12, 0, 9, 14, 7, 7, 4, 14, 5, 25, 123, 3, 47, 40, 16, 8, 7, 17, 9, 0, 57, 1, 15, 12, 50, 18, 37, 6, 21, 2, 1, 0, 8, 0, 14, 21, 4, 5, 7, 4, 48, 34, 5, 7, 60, 29, 24, 0, 11, 8, 5, 3, 0, 15, 0, 7, 0, 8, 9, 6, 3, 19, 215, 13, 2, 44, 5, 7, 7, 4, 4, 1, 1, 29, 11, 5, 4, 38, 41, 3, 2, 32, 5, 29, 14, 50, 6, 10, 3, 16, 15, 11, 12, 0, 3, 1, 31, 0, 23, 33, 22, 28, 28, 7, 8, 5, 3, 22, 43, 17, 0, 73, 35, 5, 5, 10, 10, 2, 1, 44, 7, 36, 20, 15, 1, 5, 1, 0, 18, 0, 115, 17, 8, 29, 9, 52, 0, 5, 2, 8, 33, 25, 19, 39, 11, 5, 27, 32, 24, 7, 13, 2]
mlxfast: routehist rows=512 experts=256 assign=4096 zero=33 min=0 p10=0 p25=3 p50=9 p75=18 p90=39 p99=152 max=256 counts=[0, 0, 42, 10, 0, 5, 12, 57, 18, 15, 5, 4, 3, 3, 13, 3, 0, 0, 3, 0, 0, 9, 18, 9, 12, 11, 44, 15, 4, 11, 9, 1, 46, 18, 2, 8, 23, 55, 2, 3, 17, 12, 45, 54, 2, 4, 4, 2, 11, 3, 21, 6, 27, 15, 23, 19, 30, 8, 32, 1, 0, 3, 21, 0, 17, 6, 1, 1, 14, 5, 1, 0, 6, 29, 14, 4, 14, 2, 0, 39, 7, 7, 13, 20, 5, 63, 10, 8, 9, 11, 0, 17, 3, 11, 4, 4, 12, 10, 6, 20, 31, 8, 16, 2, 12, 152, 43, 65, 4, 6, 1, 3, 5, 5, 16, 5, 58, 5, 68, 8, 0, 15, 16, 4, 22, 1, 0, 18, 16, 17, 6, 9, 1, 1, 0, 0, 6, 15, 2, 19, 0, 0, 7, 34, 17, 2, 77, 3, 84, 39, 15, 0, 16, 0, 0, 3, 4, 8, 7, 30, 0, 4, 16, 0, 15, 13, 11, 27, 15, 21, 173, 13, 6, 6, 1, 2, 32, 3, 0, 6, 0, 5, 30, 12, 15, 17, 13, 43, 41, 6, 32, 4, 256, 11, 23, 8, 11, 1, 48, 3, 25, 2, 21, 25, 11, 24, 10, 6, 35, 14, 1, 3, 4, 3, 22, 17, 0, 12, 30, 2, 9, 0, 55, 16, 5, 42, 0, 29, 0, 31, 6, 0, 57, 6, 4, 12, 17, 0, 12, 1, 0, 35, 3, 0, 12, 73, 13, 3, 15, 12, 81, 29, 9, 4, 11, 11]
mlxfast: routehist rows=512 experts=256 assign=4096 zero=27 min=0 p10=0 p25=3 p50=9 p75=20 p90=38 p99=103 max=254 counts=[14, 15, 17, 11, 25, 3, 0, 41, 14, 1, 2, 1, 0, 0, 35, 3, 0, 29, 57, 117, 0, 1, 41, 85, 10, 5, 75, 14, 10, 0, 10, 1, 22, 15, 16, 20, 21, 45, 7, 50, 10, 19, 84, 2, 0, 2, 19, 2, 24, 13, 6, 7, 4, 6, 8, 3, 14, 29, 1, 0, 4, 36, 38, 7, 14, 13, 9, 10, 9, 2, 8, 6, 1, 16, 23, 1, 9, 33, 13, 7, 12, 13, 24, 42, 1, 3, 3, 6, 11, 0, 0, 100, 0, 7, 5, 7, 6, 23, 26, 9, 9, 4, 0, 32, 21, 12, 18, 31, 12, 3, 0, 12, 6, 5, 6, 7, 18, 44, 15, 0, 0, 19, 12, 0, 1, 0, 7, 11, 1, 10, 53, 19, 13, 2, 0, 8, 10, 12, 4, 2, 0, 18, 3, 5, 8, 10, 1, 17, 3, 31, 67, 1, 28, 4, 1, 3, 8, 7, 1, 10, 19, 5, 3, 2, 5, 7, 11, 254, 8, 8, 13, 1, 4, 13, 24, 7, 0, 13, 2, 83, 38, 0, 41, 2, 11, 33, 1, 4, 25, 0, 36, 6, 60, 21, 1, 43, 4, 10, 4, 11, 1, 8, 24, 10, 18, 15, 2, 24, 2, 10, 7, 38, 1, 24, 18, 20, 29, 3, 6, 12, 8, 19, 1, 14, 23, 28, 103, 23, 2, 23, 5, 24, 0, 5, 1, 16, 71, 65, 49, 0, 22, 0, 32, 9, 51, 18, 13, 21, 14, 0, 1, 8, 3, 4, 7, 0]
mlxfast: routehist rows=512 experts=256 assign=4096 zero=22 min=0 p10=1 p25=5 p50=11 p75=21 p90=36 p99=94 max=131 counts=[20, 44, 113, 2, 4, 9, 16, 23, 43, 20, 10, 38, 25, 4, 5, 10, 3, 5, 20, 3, 21, 15, 41, 8, 19, 8, 10, 4, 0, 0, 1, 4, 12, 18, 32, 34, 94, 17, 5, 6, 12, 27, 21, 1, 2, 20, 5, 0, 7, 31, 5, 53, 5, 2, 10, 20, 36, 36, 17, 4, 0, 8, 17, 3, 8, 18, 4, 14, 11, 16, 13, 21, 1, 17, 21, 67, 37, 11, 14, 4, 39, 9, 9, 41, 23, 3, 20, 2, 20, 0, 0, 23, 12, 9, 16, 7, 11, 6, 81, 7, 7, 6, 13, 0, 7, 15, 17, 40, 9, 13, 14, 8, 21, 8, 15, 1, 29, 1, 10, 5, 38, 6, 4, 12, 34, 4, 1, 18, 16, 1, 13, 36, 17, 7, 4, 0, 10, 11, 2, 65, 7, 8, 3, 2, 16, 23, 13, 17, 6, 11, 25, 0, 15, 21, 0, 12, 4, 0, 4, 33, 7, 34, 5, 15, 25, 31, 7, 4, 3, 0, 23, 24, 64, 6, 7, 20, 15, 14, 14, 31, 0, 29, 1, 47, 14, 13, 131, 26, 0, 25, 32, 9, 5, 25, 44, 25, 22, 16, 18, 4, 24, 0, 36, 12, 0, 33, 6, 5, 2, 17, 1, 16, 12, 8, 23, 0, 7, 2, 12, 21, 25, 11, 24, 5, 88, 10, 6, 13, 0, 7, 6, 1, 10, 1, 34, 9, 71, 1, 17, 0, 5, 25, 43, 16, 16, 8, 10, 17, 0, 2, 11, 6, 0, 6, 39, 0]
mlxfast: routehist rows=512 experts=256 assign=4096 zero=30 min=0 p10=0 p25=3 p50=9 p75=21 p90=39 p99=95 max=134 counts=[3, 3, 55, 7, 2, 30, 72, 38, 32, 80, 11, 29, 7, 5, 3, 0, 0, 15, 21, 0, 8, 18, 8, 49, 5, 113, 9, 9, 16, 17, 5, 0, 10, 2, 4, 9, 11, 58, 1, 11, 8, 0, 5, 4, 1, 73, 2, 17, 9, 2, 1, 14, 0, 17, 13, 0, 50, 5, 26, 29, 0, 6, 1, 8, 1, 4, 3, 3, 7, 6, 4, 22, 1, 49, 0, 25, 91, 6, 0, 48, 15, 2, 7, 6, 8, 37, 0, 19, 8, 19, 2, 4, 3, 9, 3, 35, 0, 5, 3, 7, 24, 0, 12, 19, 17, 39, 6, 13, 3, 81, 12, 9, 5, 58, 21, 2, 27, 6, 4, 11, 9, 12, 11, 0, 0, 8, 0, 11, 10, 1, 24, 5, 4, 95, 22, 5, 16, 12, 20, 27, 7, 11, 29, 5, 14, 12, 13, 34, 0, 12, 24, 0, 20, 0, 0, 1, 33, 3, 3, 21, 23, 30, 7, 0, 17, 7, 64, 8, 40, 18, 5, 27, 14, 0, 10, 26, 3, 11, 4, 3, 16, 6, 29, 24, 9, 0, 8, 52, 23, 14, 134, 4, 0, 20, 0, 3, 20, 11, 33, 26, 1, 2, 0, 2, 0, 13, 6, 1, 36, 78, 17, 61, 12, 0, 9, 18, 61, 11, 21, 1, 4, 15, 2, 66, 30, 4, 5, 1, 16, 19, 2, 24, 23, 1, 7, 23, 21, 1, 31, 0, 2, 13, 48, 3, 9, 4, 8, 2, 6, 11, 7, 4, 8, 72, 73, 0]
mlxfast: routehist rows=512 experts=256 assign=4096 zero=32 min=0 p10=0 p25=3 p50=9 p75=20 p90=43 p99=95 max=140 counts=[44, 8, 11, 13, 0, 0, 3, 1, 14, 8, 71, 0, 31, 26, 14, 0, 0, 0, 7, 2, 0, 0, 21, 8, 7, 29, 62, 28, 1, 8, 5, 0, 6, 19, 1, 72, 10, 13, 52, 21, 5, 0, 15, 20, 8, 2, 1, 37, 11, 1, 10, 16, 1, 26, 16, 13, 20, 8, 21, 8, 0, 18, 8, 1, 2, 5, 31, 13, 7, 3, 2, 9, 4, 17, 43, 2, 19, 0, 4, 42, 33, 12, 22, 1, 2, 2, 11, 65, 3, 7, 12, 6, 22, 19, 58, 11, 9, 2, 29, 2, 0, 43, 6, 3, 0, 30, 3, 95, 41, 18, 16, 17, 13, 37, 2, 13, 19, 11, 4, 13, 33, 0, 4, 44, 14, 15, 16, 19, 3, 0, 40, 9, 6, 45, 4, 7, 30, 0, 2, 33, 4, 16, 16, 59, 47, 0, 21, 72, 20, 17, 10, 0, 13, 2, 9, 6, 44, 14, 7, 24, 72, 140, 4, 1, 22, 4, 0, 3, 5, 14, 6, 12, 11, 31, 2, 20, 30, 12, 13, 19, 22, 6, 8, 5, 101, 12, 7, 14, 8, 9, 45, 1, 46, 75, 9, 0, 6, 1, 3, 13, 6, 0, 0, 3, 0, 8, 47, 1, 9, 12, 34, 24, 15, 55, 0, 34, 5, 12, 68, 0, 6, 0, 4, 12, 9, 4, 1, 16, 0, 17, 1, 0, 32, 13, 7, 7, 29, 0, 6, 12, 1, 0, 24, 5, 7, 3, 10, 17, 9, 46, 37, 0, 5, 76, 12, 1]
mlxfast: routehist rows=512 experts=256 assign=4096 zero=32 min=0 p10=0 p25=3 p50=9 p75=22 p90=38 p99=118 max=135 counts=[0, 18, 1, 6, 33, 8, 9, 70, 1, 0, 76, 20, 2, 3, 19, 0, 0, 2, 25, 6, 0, 4, 8, 2, 0, 70, 10, 18, 15, 55, 3, 2, 13, 13, 42, 38, 0, 13, 11, 26, 15, 31, 6, 0, 33, 41, 5, 47, 2, 5, 3, 26, 1, 7, 3, 4, 5, 2, 16, 14, 2, 12, 0, 39, 5, 0, 2, 13, 13, 37, 22, 30, 8, 13, 3, 1, 32, 5, 36, 0, 12, 4, 36, 6, 22, 0, 6, 8, 33, 7, 0, 29, 11, 3, 6, 5, 5, 2, 26, 14, 6, 7, 7, 35, 11, 9, 5, 24, 10, 2, 42, 25, 10, 7, 8, 13, 15, 3, 106, 33, 4, 5, 83, 7, 1, 8, 2, 13, 26, 2, 3, 23, 0, 114, 9, 0, 8, 0, 0, 11, 0, 6, 28, 19, 118, 0, 1, 29, 12, 99, 13, 30, 0, 1, 0, 26, 30, 38, 39, 24, 16, 7, 22, 2, 14, 35, 3, 4, 6, 24, 48, 9, 11, 5, 0, 3, 0, 6, 22, 7, 20, 12, 1, 7, 8, 1, 30, 23, 10, 2, 40, 6, 37, 34, 16, 10, 20, 37, 5, 20, 6, 16, 13, 0, 6, 12, 19, 0, 10, 10, 13, 3, 2, 13, 10, 0, 4, 132, 19, 18, 4, 5, 1, 39, 1, 13, 7, 0, 0, 15, 0, 11, 20, 13, 51, 47, 9, 0, 0, 27, 9, 0, 3, 26, 135, 2, 39, 9, 16, 2, 19, 4, 5, 1, 40, 8]
mlxfast: routehist rows=512 experts=256 assign=4096 zero=37 min=0 p10=0 p25=2 p50=8 p75=19 p90=42 p99=119 max=209 counts=[1, 5, 4, 8, 0, 1, 11, 8, 7, 0, 2, 6, 41, 14, 4, 0, 0, 0, 1, 43, 4, 55, 23, 0, 5, 25, 2, 57, 5, 16, 6, 0, 18, 42, 9, 1, 1, 31, 1, 13, 10, 3, 6, 3, 6, 4, 3, 0, 51, 48, 9, 2, 0, 0, 48, 5, 1, 0, 15, 9, 0, 49, 0, 24, 7, 6, 1, 20, 1, 15, 5, 27, 3, 0, 4, 0, 10, 1, 20, 2, 2, 58, 18, 8, 8, 9, 21, 10, 9, 1, 0, 6, 8, 6, 12, 5, 10, 112, 0, 11, 4, 1, 7, 16, 13, 9, 34, 32, 151, 2, 31, 57, 37, 14, 84, 26, 1, 6, 34, 8, 2, 1, 46, 7, 9, 11, 3, 19, 74, 42, 16, 0, 1, 9, 6, 0, 21, 2, 0, 12, 1, 32, 30, 22, 6, 5, 3, 8, 0, 5, 18, 0, 1, 39, 0, 26, 15, 8, 1, 0, 4, 7, 0, 11, 5, 100, 3, 119, 10, 3, 44, 15, 13, 2, 5, 15, 0, 7, 29, 4, 38, 10, 209, 19, 30, 39, 9, 2, 27, 10, 25, 4, 33, 6, 10, 7, 0, 12, 5, 14, 29, 0, 12, 2, 0, 22, 1, 14, 4, 6, 32, 0, 41, 3, 43, 0, 44, 9, 11, 0, 7, 1, 1, 6, 40, 5, 18, 21, 0, 68, 0, 8, 37, 10, 16, 1, 5, 0, 0, 8, 14, 1, 53, 8, 1, 10, 110, 86, 6, 0, 33, 2, 40, 18, 10, 4]
mlxfast: routehist rows=512 experts=256 assign=4096 zero=41 min=0 p10=0 p25=2 p50=7 p75=19 p90=39 p99=117 max=271 counts=[0, 1, 0, 11, 0, 25, 27, 27, 3, 22, 13, 9, 35, 8, 6, 2, 0, 2, 21, 3, 0, 5, 54, 0, 0, 68, 6, 26, 6, 16, 23, 0, 0, 0, 7, 10, 14, 3, 3, 6, 2, 2, 4, 5, 4, 0, 2, 43, 3, 117, 6, 0, 10, 9, 18, 15, 2, 1, 23, 10, 0, 9, 0, 18, 2, 30, 72, 12, 0, 7, 25, 7, 1, 8, 9, 2, 46, 34, 7, 38, 0, 0, 18, 10, 7, 0, 17, 3, 17, 16, 0, 35, 8, 21, 32, 5, 1, 31, 26, 24, 16, 3, 1, 12, 0, 0, 5, 50, 101, 19, 2, 63, 12, 3, 0, 16, 14, 34, 19, 36, 4, 34, 14, 20, 34, 70, 0, 0, 12, 4, 6, 4, 78, 0, 30, 12, 7, 0, 3, 13, 7, 98, 1, 7, 8, 52, 6, 1, 4, 10, 29, 0, 3, 2, 0, 2, 27, 0, 13, 11, 4, 27, 4, 7, 18, 6, 5, 20, 4, 3, 2, 39, 81, 3, 16, 4, 82, 8, 7, 63, 271, 4, 7, 5, 2, 12, 10, 0, 1, 14, 9, 1, 13, 8, 0, 11, 14, 15, 5, 23, 38, 0, 4, 6, 11, 0, 19, 0, 7, 6, 46, 0, 40, 2, 4, 3, 12, 3, 2, 0, 1, 0, 12, 4, 76, 6, 0, 151, 0, 5, 1, 45, 5, 69, 19, 20, 2, 0, 7, 1, 17, 2, 16, 23, 10, 5, 25, 2, 7, 0, 6, 9, 81, 54, 4, 12]
mlxfast: routehist rows=512 experts=256 assign=4096 zero=52 min=0 p10=0 p25=1 p50=5 p75=21 p90=40 p99=139 max=213 counts=[10, 13, 3, 19, 0, 1, 0, 3, 3, 0, 6, 5, 12, 3, 21, 0, 0, 27, 9, 40, 2, 0, 20, 16, 2, 11, 4, 2, 3, 3, 72, 26, 36, 17, 74, 10, 0, 5, 6, 24, 213, 0, 31, 139, 15, 0, 1, 46, 0, 42, 22, 5, 0, 11, 25, 0, 2, 21, 98, 34, 10, 1, 2, 3, 7, 0, 7, 101, 0, 11, 6, 29, 3, 3, 3, 15, 10, 6, 0, 3, 0, 0, 3, 1, 5, 5, 88, 0, 5, 5, 0, 9, 27, 24, 109, 1, 10, 80, 0, 4, 4, 7, 4, 51, 0, 0, 4, 20, 1, 30, 8, 7, 86, 26, 1, 59, 1, 0, 4, 68, 5, 0, 34, 1, 38, 143, 2, 5, 3, 3, 3, 60, 4, 0, 62, 26, 13, 10, 1, 0, 3, 19, 0, 0, 27, 5, 54, 17, 4, 0, 23, 0, 8, 3, 17, 3, 0, 1, 6, 30, 4, 4, 24, 11, 5, 37, 80, 3, 25, 0, 25, 36, 28, 1, 0, 22, 22, 11, 5, 13, 0, 7, 12, 64, 0, 28, 14, 1, 22, 1, 0, 0, 2, 19, 1, 11, 0, 6, 1, 14, 1, 0, 18, 17, 0, 29, 0, 0, 5, 21, 12, 0, 12, 2, 79, 1, 35, 15, 5, 0, 7, 0, 0, 0, 11, 1, 0, 7, 14, 12, 0, 1, 38, 11, 1, 2, 18, 11, 3, 54, 47, 4, 5, 0, 11, 13, 0, 38, 15, 30, 0, 4, 21, 53, 17, 13]
mlxfast: routehist rows=512 experts=256 assign=4096 zero=56 min=0 p10=0 p25=1 p50=6 p75=19 p90=39 p99=138 max=375 counts=[5, 375, 22, 38, 5, 13, 14, 48, 0, 50, 24, 2, 12, 58, 4, 0, 0, 0, 3, 9, 0, 1, 83, 4, 0, 0, 0, 14, 0, 2, 4, 12, 0, 22, 2, 1, 11, 55, 0, 4, 5, 1, 9, 3, 0, 7, 0, 37, 4, 7, 1, 4, 3, 0, 7, 5, 90, 6, 0, 55, 0, 23, 11, 31, 0, 7, 26, 57, 0, 10, 0, 42, 5, 56, 4, 0, 3, 0, 28, 0, 39, 9, 1, 7, 13, 0, 4, 37, 45, 14, 0, 0, 5, 9, 217, 0, 1, 0, 19, 3, 4, 28, 2, 0, 20, 26, 33, 24, 2, 16, 1, 6, 36, 8, 4, 0, 133, 23, 51, 1, 16, 2, 11, 9, 0, 4, 10, 7, 50, 7, 7, 5, 13, 38, 17, 0, 17, 5, 1, 3, 8, 49, 41, 0, 10, 39, 4, 53, 2, 33, 35, 14, 1, 0, 1, 5, 0, 4, 1, 11, 19, 16, 0, 28, 16, 43, 1, 14, 22, 6, 11, 30, 14, 1, 0, 2, 30, 0, 14, 13, 6, 33, 5, 0, 24, 1, 1, 0, 55, 5, 5, 11, 18, 4, 0, 5, 13, 20, 3, 0, 1, 0, 32, 5, 5, 9, 0, 0, 10, 103, 19, 11, 0, 12, 0, 0, 38, 27, 4, 8, 18, 18, 22, 10, 0, 0, 10, 1, 11, 1, 2, 2, 9, 0, 138, 0, 6, 0, 59, 8, 14, 0, 20, 14, 28, 13, 0, 0, 0, 11, 12, 2, 5, 9, 29, 33]
mlxfast: routehist rows=512 experts=256 assign=4096 zero=60 min=0 p10=0 p25=1 p50=4 p75=20 p90=47 p99=138 max=174 counts=[21, 0, 4, 5, 3, 0, 3, 0, 1, 58, 2, 0, 25, 1, 122, 0, 0, 2, 11, 0, 8, 68, 0, 0, 3, 2, 18, 11, 2, 5, 4, 0, 3, 4, 0, 36, 11, 4, 1, 11, 3, 17, 0, 5, 10, 9, 16, 3, 0, 47, 4, 2, 3, 1, 10, 0, 124, 24, 0, 69, 14, 11, 7, 20, 2, 15, 174, 48, 0, 31, 47, 42, 0, 4, 22, 19, 0, 0, 75, 2, 12, 0, 2, 18, 2, 0, 7, 11, 21, 0, 2, 1, 3, 2, 4, 3, 0, 26, 16, 2, 22, 6, 11, 0, 0, 1, 0, 7, 3, 0, 30, 0, 19, 3, 4, 76, 0, 0, 24, 0, 70, 29, 0, 12, 4, 2, 4, 16, 2, 0, 3, 12, 1, 138, 5, 59, 13, 3, 15, 1, 0, 20, 13, 73, 8, 0, 155, 0, 19, 5, 38, 0, 3, 21, 0, 58, 1, 2, 18, 18, 0, 34, 10, 0, 59, 27, 42, 60, 28, 87, 13, 12, 0, 1, 1, 4, 0, 0, 14, 2, 13, 13, 0, 0, 45, 9, 4, 0, 18, 4, 3, 57, 32, 12, 2, 4, 31, 67, 6, 26, 82, 3, 0, 5, 26, 3, 0, 0, 21, 0, 11, 0, 1, 24, 35, 1, 16, 0, 4, 47, 30, 43, 0, 4, 1, 12, 47, 10, 29, 14, 0, 58, 6, 1, 87, 2, 3, 3, 0, 24, 18, 0, 22, 0, 4, 0, 42, 0, 22, 4, 21, 0, 2, 43, 1, 16]
mlxfast: routehist rows=512 experts=256 assign=4096 zero=52 min=0 p10=0 p25=1 p50=6 p75=20 p90=40 p99=156 max=213 counts=[12, 60, 3, 0, 2, 9, 53, 7, 10, 0, 4, 2, 6, 5, 10, 1, 0, 19, 11, 0, 1, 49, 45, 42, 2, 4, 2, 2, 30, 3, 5, 0, 17, 0, 30, 18, 7, 2, 6, 0, 60, 1, 8, 2, 34, 5, 20, 1, 15, 0, 1, 1, 5, 0, 0, 9, 4, 0, 0, 13, 37, 0, 1, 12, 0, 0, 5, 1, 0, 0, 17, 17, 2, 4, 31, 135, 0, 0, 31, 53, 8, 0, 1, 6, 1, 0, 113, 11, 1, 13, 0, 10, 8, 25, 16, 64, 0, 6, 1, 14, 16, 24, 4, 3, 75, 6, 2, 0, 2, 0, 12, 0, 44, 9, 7, 16, 25, 1, 1, 2, 0, 7, 0, 28, 11, 33, 6, 14, 0, 3, 172, 2, 11, 41, 6, 24, 32, 3, 22, 1, 0, 23, 24, 0, 30, 87, 23, 7, 1, 153, 25, 0, 0, 10, 1, 36, 22, 213, 21, 0, 0, 12, 1, 3, 18, 0, 19, 1, 19, 0, 5, 25, 156, 6, 4, 7, 0, 0, 12, 51, 25, 107, 0, 1, 1, 2, 3, 24, 38, 15, 0, 3, 18, 26, 28, 0, 13, 54, 28, 2, 29, 1, 0, 30, 2, 15, 0, 1, 0, 17, 21, 0, 0, 19, 29, 5, 29, 15, 1, 4, 13, 3, 23, 2, 3, 7, 1, 4, 16, 9, 0, 10, 8, 0, 52, 1, 47, 0, 30, 1, 46, 4, 1, 28, 40, 0, 2, 16, 2, 4, 83, 8, 8, 19, 17, 0]
mlxfast: routehist rows=512 experts=256 assign=4096 zero=65 min=0 p10=0 p25=0 p50=5 p75=18 p90=45 p99=137 max=413 counts=[21, 413, 11, 9, 15, 14, 8, 0, 0, 5, 21, 0, 0, 35, 0, 0, 0, 1, 6, 1, 57, 16, 18, 2, 0, 0, 1, 1, 3, 0, 1, 0, 8, 0, 3, 93, 55, 1, 70, 8, 0, 0, 5, 1, 23, 0, 14, 0, 0, 21, 5, 15, 18, 4, 1, 5, 7, 0, 6, 28, 0, 3, 2, 10, 20, 5, 1, 0, 0, 10, 43, 94, 5, 47, 1, 32, 11, 8, 1, 1, 4, 0, 7, 13, 0, 7, 5, 0, 0, 0, 0, 5, 9, 7, 85, 30, 7, 25, 23, 12, 9, 9, 10, 48, 19, 58, 137, 29, 24, 0, 2, 0, 17, 28, 3, 0, 8, 24, 41, 54, 18, 0, 2, 0, 3, 3, 0, 18, 1, 0, 12, 18, 2, 0, 10, 11, 236, 2, 7, 31, 13, 1, 4, 59, 0, 14, 89, 2, 16, 20, 5, 0, 2, 6, 0, 10, 51, 0, 7, 1, 11, 5, 1, 0, 2, 9, 1, 7, 36, 7, 1, 54, 26, 13, 1, 9, 26, 4, 0, 7, 41, 0, 14, 0, 22, 4, 1, 3, 25, 12, 2, 0, 21, 0, 55, 5, 81, 0, 0, 14, 3, 93, 14, 37, 6, 14, 1, 6, 0, 28, 7, 0, 51, 21, 62, 5, 0, 0, 0, 0, 4, 13, 57, 0, 0, 4, 45, 0, 13, 20, 3, 42, 0, 0, 8, 0, 0, 0, 0, 0, 3, 25, 1, 17, 0, 5, 5, 3, 4, 56, 13, 0, 103, 1, 2, 4]
mlxfast: routehist rows=512 experts=256 assign=4096 zero=63 min=0 p10=0 p25=1 p50=5 p75=22 p90=43 p99=154 max=243 counts=[0, 2, 0, 3, 3, 2, 57, 0, 2, 8, 4, 0, 13, 0, 5, 0, 1, 47, 1, 1, 0, 11, 0, 1, 7, 0, 32, 5, 1, 2, 0, 30, 2, 5, 2, 41, 16, 24, 28, 0, 10, 2, 53, 1, 3, 0, 43, 5, 3, 1, 22, 224, 0, 51, 7, 7, 3, 6, 2, 7, 1, 0, 3, 2, 76, 0, 23, 0, 0, 0, 42, 13, 68, 36, 2, 1, 4, 1, 0, 56, 8, 0, 26, 8, 1, 0, 22, 3, 26, 1, 0, 2, 0, 5, 0, 3, 2, 26, 39, 0, 6, 6, 0, 19, 17, 53, 3, 0, 92, 10, 0, 33, 1, 0, 11, 0, 7, 40, 4, 51, 0, 6, 0, 3, 8, 2, 7, 0, 103, 26, 2, 12, 0, 11, 2, 13, 0, 3, 24, 10, 4, 243, 7, 9, 1, 10, 24, 0, 2, 0, 26, 0, 0, 17, 0, 26, 3, 1, 24, 15, 0, 2, 18, 12, 1, 81, 0, 25, 0, 48, 69, 47, 16, 0, 0, 4, 0, 2, 9, 1, 69, 154, 25, 18, 11, 6, 28, 58, 10, 18, 0, 0, 42, 0, 0, 2, 38, 0, 0, 1, 104, 7, 70, 15, 0, 18, 0, 5, 25, 8, 0, 0, 23, 1, 1, 26, 0, 7, 32, 1, 40, 37, 5, 28, 5, 8, 1, 8, 6, 39, 0, 10, 4, 1, 1, 0, 22, 2, 107, 103, 0, 20, 1, 4, 1, 32, 12, 13, 0, 0, 20, 31, 12, 52, 0, 10]
mlxfast: routehist rows=512 experts=256 assign=4096 zero=80 min=0 p10=0 p25=0 p50=4 p75=17 p90=38 p99=159 max=244 counts=[6, 244, 28, 0, 6, 1, 1, 0, 6, 0, 5, 33, 31, 10, 1, 0, 1, 0, 33, 0, 0, 11, 240, 8, 0, 4, 17, 8, 4, 2, 1, 0, 1, 0, 0, 102, 4, 0, 0, 1, 24, 0, 1, 4, 1, 10, 0, 1, 4, 8, 0, 0, 2, 3, 7, 0, 1, 1, 1, 17, 28, 1, 47, 0, 8, 0, 34, 3, 0, 37, 1, 3, 30, 17, 0, 4, 3, 40, 106, 0, 4, 2, 41, 25, 1, 0, 0, 7, 0, 0, 2, 14, 8, 1, 0, 44, 0, 2, 36, 77, 11, 0, 0, 21, 27, 10, 0, 10, 26, 0, 2, 2, 10, 26, 0, 0, 0, 21, 11, 0, 32, 1, 0, 0, 0, 72, 14, 1, 0, 0, 2, 0, 1, 1, 11, 0, 0, 0, 7, 0, 5, 27, 36, 2, 0, 5, 0, 9, 98, 0, 157, 5, 10, 0, 0, 3, 0, 0, 6, 2, 159, 1, 23, 0, 1, 2, 15, 32, 1, 138, 29, 7, 26, 0, 15, 18, 0, 6, 0, 16, 0, 8, 0, 132, 21, 16, 8, 18, 104, 7, 0, 7, 0, 6, 1, 0, 0, 18, 2, 17, 8, 0, 2, 8, 55, 5, 0, 89, 4, 2, 51, 0, 1, 20, 17, 0, 15, 99, 4, 0, 30, 90, 15, 0, 2, 9, 0, 6, 45, 20, 0, 12, 22, 0, 39, 1, 30, 0, 30, 11, 31, 13, 0, 78, 33, 3, 0, 0, 19, 0, 38, 26, 5, 50, 0, 0]
mlxfast: routehist rows=512 experts=256 assign=4096 zero=92 min=0 p10=0 p25=0 p50=2 p75=13 p90=38 p99=266 max=449 counts=[0, 449, 0, 0, 5, 4, 20, 51, 0, 10, 0, 0, 4, 0, 2, 0, 1, 0, 0, 0, 21, 11, 266, 14, 0, 0, 8, 47, 2, 30, 0, 0, 1, 33, 11, 3, 1, 0, 10, 0, 0, 0, 2, 1, 3, 0, 2, 107, 0, 47, 18, 4, 0, 0, 1, 0, 2, 6, 13, 0, 4, 1, 35, 336, 3, 0, 6, 12, 3, 4, 0, 136, 21, 27, 1, 26, 26, 3, 0, 8, 0, 0, 48, 0, 1, 0, 0, 1, 0, 112, 0, 5, 13, 0, 11, 13, 11, 27, 0, 2, 26, 13, 17, 0, 42, 5, 11, 1, 4, 0, 0, 0, 0, 0, 0, 26, 24, 4, 0, 57, 32, 0, 0, 5, 5, 3, 0, 0, 0, 1, 68, 32, 3, 0, 5, 5, 0, 49, 2, 5, 0, 16, 9, 1, 1, 13, 1, 4, 6, 32, 1, 0, 0, 0, 0, 0, 6, 0, 2, 0, 0, 17, 0, 0, 32, 0, 1, 22, 0, 25, 11, 18, 95, 0, 5, 30, 34, 0, 55, 16, 0, 0, 1, 4, 3, 11, 0, 2, 38, 0, 0, 7, 52, 15, 2, 2, 61, 5, 6, 0, 0, 0, 2, 6, 0, 1, 0, 0, 0, 15, 0, 0, 2, 0, 25, 10, 90, 1, 4, 1, 13, 5, 50, 7, 19, 1, 0, 3, 25, 249, 1, 15, 52, 49, 0, 22, 0, 0, 7, 4, 6, 1, 0, 36, 5, 1, 46, 0, 0, 78, 14, 0, 4, 0, 13, 0]
mlxfast: routehist rows=512 experts=256 assign=4096 zero=102 min=0 p10=0 p25=0 p50=2 p75=11 p90=46 p99=245 max=313 counts=[0, 0, 0, 0, 36, 0, 9, 12, 12, 0, 0, 0, 0, 0, 0, 16, 31, 0, 21, 7, 0, 1, 112, 0, 0, 23, 3, 0, 4, 0, 64, 1, 0, 1, 1, 26, 0, 13, 0, 4, 0, 21, 1, 3, 84, 72, 0, 0, 20, 1, 245, 19, 0, 8, 0, 0, 0, 0, 3, 0, 1, 5, 10, 0, 76, 0, 11, 8, 3, 13, 7, 15, 0, 8, 6, 98, 65, 0, 0, 0, 0, 5, 66, 4, 0, 0, 1, 122, 313, 1, 40, 2, 2, 14, 1, 6, 11, 1, 0, 16, 7, 1, 0, 5, 25, 7, 4, 0, 0, 0, 83, 6, 0, 2, 10, 39, 0, 10, 0, 0, 100, 4, 0, 1, 0, 0, 1, 4, 2, 0, 0, 0, 0, 0, 0, 36, 0, 0, 0, 45, 0, 0, 248, 10, 49, 7, 0, 11, 1, 60, 5, 5, 10, 0, 0, 42, 13, 0, 39, 3, 0, 6, 14, 2, 49, 1, 46, 7, 2, 6, 3, 0, 0, 0, 6, 26, 7, 28, 0, 10, 0, 3, 0, 0, 7, 0, 1, 64, 1, 3, 1, 0, 4, 50, 4, 2, 0, 9, 0, 2, 23, 2, 1, 18, 60, 0, 0, 0, 6, 6, 0, 3, 0, 0, 0, 19, 57, 0, 44, 0, 27, 212, 1, 0, 16, 0, 4, 0, 7, 43, 0, 0, 0, 27, 0, 220, 75, 0, 0, 0, 53, 2, 0, 0, 0, 0, 6, 9, 3, 35, 35, 0, 1, 9, 8, 0]
mlxfast: routehist rows=512 experts=256 assign=4096 zero=88 min=0 p10=0 p25=0 p50=3 p75=15 p90=38 p99=208 max=397 counts=[36, 100, 1, 1, 2, 15, 9, 0, 0, 19, 0, 0, 24, 0, 28, 0, 12, 1, 20, 0, 0, 0, 2, 108, 5, 0, 13, 5, 12, 0, 397, 0, 39, 4, 3, 49, 29, 0, 5, 1, 0, 4, 17, 45, 9, 37, 1, 14, 7, 9, 0, 9, 0, 5, 6, 261, 0, 0, 7, 8, 2, 19, 2, 13, 3, 20, 0, 0, 0, 1, 4, 18, 27, 20, 19, 1, 11, 0, 167, 2, 2, 11, 0, 27, 0, 0, 1, 0, 4, 0, 9, 0, 0, 2, 1, 102, 27, 11, 0, 24, 4, 7, 12, 0, 0, 0, 7, 0, 0, 4, 3, 88, 30, 72, 1, 0, 1, 13, 0, 17, 14, 3, 0, 7, 7, 25, 40, 15, 1, 4, 0, 0, 26, 7, 5, 9, 33, 2, 13, 0, 88, 1, 0, 3, 74, 48, 0, 0, 0, 0, 22, 1, 2, 0, 0, 0, 12, 0, 60, 12, 0, 9, 23, 0, 53, 23, 0, 32, 10, 1, 0, 20, 0, 0, 0, 1, 0, 2, 8, 1, 3, 0, 0, 0, 4, 5, 5, 0, 32, 2, 5, 0, 4, 4, 11, 24, 1, 23, 0, 5, 2, 3, 0, 1, 1, 43, 0, 16, 75, 4, 0, 37, 0, 0, 0, 0, 35, 3, 7, 29, 11, 0, 0, 0, 0, 0, 0, 8, 0, 16, 96, 208, 67, 44, 0, 0, 183, 0, 37, 6, 59, 0, 2, 0, 0, 1, 0, 4, 0, 0, 0, 1, 14, 10, 38, 2]
mlxfast: routehist rows=512 experts=256 assign=4096 zero=93 min=0 p10=0 p25=0 p50=2 p75=16 p90=33 p99=226 max=455 counts=[0, 0, 4, 0, 0, 39, 0, 30, 0, 143, 1, 0, 5, 0, 17, 32, 12, 0, 0, 1, 0, 12, 0, 0, 0, 0, 0, 91, 3, 0, 27, 2, 0, 31, 7, 2, 10, 0, 16, 1, 0, 7, 35, 0, 16, 15, 5, 25, 9, 0, 23, 2, 0, 139, 2, 2, 0, 3, 22, 25, 2, 8, 0, 3, 0, 5, 4, 297, 1, 0, 0, 15, 3, 24, 7, 167, 3, 0, 0, 6, 0, 0, 4, 98, 3, 1, 0, 0, 37, 0, 24, 13, 0, 20, 46, 2, 44, 17, 0, 2, 8, 11, 0, 0, 2, 6, 2, 20, 0, 0, 4, 0, 0, 5, 21, 7, 0, 0, 53, 0, 0, 1, 0, 24, 0, 98, 5, 0, 71, 0, 1, 0, 55, 0, 9, 2, 0, 0, 25, 0, 28, 24, 0, 8, 19, 34, 5, 4, 8, 58, 16, 1, 1, 38, 0, 8, 0, 27, 455, 1, 226, 0, 1, 1, 1, 0, 1, 9, 0, 0, 0, 0, 1, 22, 1, 6, 1, 0, 2, 0, 5, 10, 0, 1, 20, 18, 0, 1, 17, 0, 28, 11, 24, 43, 33, 0, 0, 16, 82, 6, 3, 7, 1, 0, 0, 26, 1, 2, 1, 1, 0, 8, 0, 3, 4, 0, 30, 18, 0, 0, 0, 21, 0, 0, 0, 14, 0, 1, 0, 30, 0, 6, 1, 0, 29, 0, 29, 0, 0, 7, 23, 0, 13, 0, 11, 38, 2, 11, 198, 22, 14, 31, 45, 7, 0, 14]
mlxfast: routehist rows=512 experts=256 assign=4096 zero=85 min=0 p10=0 p25=0 p50=3 p75=16 p90=39 p99=175 max=232 counts=[0, 6, 22, 0, 0, 17, 1, 3, 0, 12, 4, 5, 21, 0, 17, 4, 20, 26, 0, 13, 147, 26, 16, 0, 1, 0, 1, 16, 2, 13, 21, 0, 20, 54, 153, 1, 0, 1, 44, 7, 0, 0, 1, 0, 1, 0, 3, 2, 0, 4, 0, 0, 0, 4, 5, 0, 0, 11, 232, 0, 0, 2, 17, 1, 0, 15, 1, 121, 0, 0, 4, 0, 5, 7, 0, 12, 15, 0, 5, 33, 36, 33, 3, 2, 17, 0, 10, 10, 170, 31, 16, 14, 39, 0, 44, 15, 3, 1, 18, 0, 66, 0, 0, 0, 1, 1, 0, 0, 13, 0, 6, 1, 9, 18, 0, 4, 4, 15, 0, 58, 0, 33, 15, 3, 2, 0, 38, 9, 1, 4, 5, 206, 1, 3, 5, 159, 64, 0, 7, 26, 0, 15, 6, 0, 6, 38, 13, 31, 33, 33, 57, 14, 0, 1, 0, 11, 24, 0, 9, 20, 0, 4, 0, 1, 14, 175, 12, 4, 0, 0, 0, 63, 7, 49, 43, 15, 3, 3, 0, 1, 19, 10, 41, 12, 0, 0, 0, 20, 10, 1, 46, 1, 53, 3, 0, 0, 1, 1, 25, 26, 5, 8, 21, 0, 11, 0, 0, 3, 1, 114, 0, 11, 0, 0, 99, 0, 0, 0, 0, 4, 1, 36, 0, 0, 0, 0, 1, 0, 2, 0, 0, 1, 105, 12, 10, 20, 17, 6, 0, 0, 1, 15, 93, 0, 0, 26, 0, 0, 0, 36, 0, 0, 0, 24, 1, 4]
mlxfast: routehist rows=512 experts=256 assign=4096 zero=81 min=0 p10=0 p25=0 p50=4 p75=16 p90=37 p99=206 max=505 counts=[1, 111, 0, 0, 0, 5, 72, 1, 0, 0, 5, 0, 0, 40, 23, 0, 3, 9, 1, 4, 0, 27, 0, 0, 0, 3, 0, 1, 3, 5, 7, 0, 0, 3, 0, 0, 62, 11, 0, 1, 2, 0, 0, 0, 1, 40, 244, 2, 11, 0, 13, 1, 8, 0, 0, 12, 0, 0, 9, 0, 0, 4, 14, 0, 0, 57, 0, 4, 0, 46, 169, 5, 4, 21, 20, 1, 2, 1, 0, 7, 30, 13, 2, 37, 138, 0, 2, 9, 22, 13, 8, 4, 6, 14, 6, 13, 3, 0, 27, 0, 11, 16, 11, 46, 0, 32, 0, 0, 4, 52, 1, 9, 2, 0, 17, 6, 0, 0, 7, 0, 7, 18, 28, 0, 17, 3, 12, 0, 1, 34, 13, 0, 505, 2, 1, 1, 0, 4, 18, 57, 0, 16, 0, 0, 32, 0, 20, 0, 0, 0, 0, 17, 10, 7, 15, 4, 10, 7, 0, 10, 6, 1, 0, 0, 6, 4, 0, 0, 33, 8, 5, 32, 206, 93, 48, 6, 7, 1, 36, 0, 18, 11, 14, 0, 0, 5, 14, 1, 0, 0, 0, 38, 17, 10, 54, 13, 0, 0, 3, 1, 1, 1, 10, 5, 36, 0, 56, 0, 7, 15, 0, 1, 0, 2, 35, 0, 15, 3, 23, 1, 41, 10, 1, 45, 0, 12, 144, 1, 0, 2, 0, 0, 18, 20, 15, 36, 18, 0, 24, 10, 66, 30, 5, 21, 0, 6, 0, 19, 16, 19, 5, 0, 47, 9, 6, 22]
mlxfast: routehist rows=512 experts=256 assign=4096 zero=64 min=0 p10=0 p25=1 p50=8 p75=21 p90=35 p99=145 max=285 counts=[9, 12, 0, 13, 0, 1, 18, 2, 14, 32, 12, 0, 28, 22, 24, 25, 5, 0, 2, 0, 0, 0, 2, 1, 6, 18, 52, 23, 13, 7, 0, 0, 21, 9, 16, 10, 18, 116, 0, 1, 0, 1, 33, 22, 7, 7, 0, 33, 9, 12, 39, 5, 0, 17, 0, 272, 26, 15, 21, 5, 10, 10, 0, 4, 8, 35, 1, 36, 0, 1, 74, 5, 53, 0, 2, 5, 9, 1, 11, 2, 20, 1, 4, 85, 34, 0, 25, 3, 2, 17, 0, 31, 17, 13, 7, 10, 3, 2, 0, 10, 29, 32, 37, 0, 0, 12, 1, 0, 34, 2, 0, 3, 60, 24, 47, 0, 25, 18, 9, 0, 24, 17, 0, 4, 3, 7, 17, 4, 6, 56, 16, 0, 0, 6, 3, 0, 1, 13, 2, 23, 2, 14, 1, 21, 25, 0, 2, 11, 0, 18, 77, 0, 0, 14, 18, 0, 16, 14, 46, 27, 0, 23, 10, 19, 285, 5, 0, 0, 18, 14, 0, 25, 0, 4, 0, 11, 2, 21, 2, 38, 86, 44, 0, 0, 0, 0, 5, 3, 13, 11, 32, 0, 11, 0, 1, 7, 7, 30, 17, 8, 5, 16, 40, 0, 38, 0, 0, 11, 9, 0, 0, 35, 0, 0, 21, 0, 25, 8, 0, 15, 11, 34, 6, 24, 0, 0, 1, 8, 145, 15, 0, 57, 10, 1, 0, 43, 31, 0, 44, 25, 4, 18, 10, 2, 26, 23, 17, 0, 0, 7, 16, 38, 0, 27, 22, 8]
mlxfast: routehist rows=512 experts=256 assign=4096 zero=52 min=0 p10=0 p25=1 p50=8 p75=19 p90=42 p99=109 max=172 counts=[66, 26, 90, 0, 1, 31, 7, 1, 0, 14, 7, 26, 3, 8, 35, 65, 66, 15, 31, 29, 101, 0, 4, 11, 4, 8, 3, 0, 5, 12, 16, 36, 21, 9, 0, 1, 3, 3, 9, 0, 1, 21, 9, 36, 14, 4, 0, 2, 24, 0, 36, 32, 0, 5, 0, 0, 15, 4, 0, 2, 0, 17, 11, 0, 1, 0, 66, 0, 3, 42, 14, 34, 0, 43, 10, 6, 6, 4, 8, 4, 0, 27, 7, 0, 0, 0, 0, 1, 6, 20, 16, 3, 42, 39, 0, 0, 27, 25, 8, 17, 5, 0, 44, 13, 1, 4, 2, 0, 18, 11, 0, 12, 17, 2, 0, 0, 0, 0, 46, 6, 3, 3, 14, 7, 36, 8, 8, 41, 9, 1, 0, 72, 0, 16, 5, 46, 102, 8, 3, 34, 11, 82, 0, 1, 17, 0, 0, 3, 0, 16, 12, 20, 7, 1, 1, 3, 1, 16, 12, 12, 0, 8, 15, 4, 2, 1, 15, 6, 18, 6, 45, 19, 11, 109, 17, 12, 60, 2, 0, 11, 9, 11, 41, 13, 8, 0, 5, 2, 19, 0, 38, 6, 49, 0, 6, 0, 0, 0, 33, 17, 43, 4, 39, 1, 17, 0, 1, 135, 32, 69, 40, 21, 6, 10, 18, 0, 24, 41, 12, 0, 12, 19, 1, 39, 1, 9, 15, 63, 172, 3, 0, 13, 3, 3, 3, 10, 0, 0, 54, 3, 28, 49, 0, 3, 21, 11, 11, 5, 10, 36, 12, 13, 4, 13, 23, 12]
mlxfast: routehist rows=512 experts=256 assign=4096 zero=59 min=0 p10=0 p25=1 p50=7 p75=21 p90=36 p99=109 max=281 counts=[16, 0, 18, 0, 0, 19, 7, 0, 12, 0, 4, 0, 96, 14, 49, 13, 4, 28, 35, 9, 86, 26, 8, 2, 2, 0, 13, 14, 6, 1, 26, 28, 23, 13, 2, 109, 26, 12, 1, 0, 0, 0, 11, 0, 3, 0, 0, 9, 13, 1, 20, 14, 3, 48, 2, 0, 44, 14, 1, 0, 0, 0, 7, 14, 0, 21, 3, 3, 0, 43, 0, 70, 0, 78, 0, 4, 56, 3, 0, 0, 6, 4, 7, 75, 3, 1, 0, 1, 18, 0, 34, 3, 9, 16, 0, 6, 3, 19, 11, 19, 7, 21, 3, 27, 1, 2, 1, 5, 1, 24, 0, 9, 8, 0, 9, 0, 10, 0, 24, 0, 36, 0, 23, 14, 30, 29, 10, 14, 2, 15, 36, 3, 0, 6, 31, 31, 24, 0, 5, 0, 3, 4, 0, 67, 3, 44, 1, 0, 20, 11, 0, 34, 25, 19, 0, 1, 24, 0, 2, 5, 18, 3, 17, 0, 16, 55, 34, 55, 7, 4, 26, 0, 19, 0, 0, 4, 5, 3, 7, 23, 4, 0, 16, 2, 26, 0, 17, 0, 0, 11, 9, 3, 7, 0, 13, 0, 8, 0, 7, 8, 30, 168, 61, 10, 27, 0, 0, 11, 24, 281, 0, 36, 4, 9, 4, 0, 34, 23, 24, 2, 3, 3, 33, 47, 2, 7, 88, 2, 1, 13, 0, 5, 28, 1, 0, 57, 1, 10, 11, 0, 16, 26, 34, 60, 20, 10, 5, 52, 7, 5, 4, 106, 49, 33, 1, 15]
mlxfast: routehist rows=512 experts=256 assign=4096 zero=58 min=0 p10=0 p25=1 p50=8 p75=21 p90=37 p99=122 max=282 counts=[40, 31, 22, 21, 0, 11, 2, 0, 36, 13, 6, 5, 30, 14, 12, 48, 0, 0, 3, 0, 6, 21, 16, 4, 20, 34, 21, 0, 5, 30, 0, 14, 9, 11, 10, 18, 1, 122, 5, 7, 23, 0, 20, 0, 14, 56, 1, 43, 4, 24, 0, 18, 15, 0, 0, 3, 29, 0, 3, 0, 1, 33, 21, 46, 24, 0, 35, 20, 9, 99, 41, 0, 2, 30, 36, 0, 56, 24, 27, 0, 0, 7, 8, 7, 5, 15, 0, 0, 28, 8, 28, 0, 1, 4, 0, 10, 39, 103, 3, 35, 1, 2, 5, 0, 34, 54, 5, 0, 28, 16, 37, 7, 13, 0, 5, 5, 2, 24, 45, 15, 1, 0, 4, 10, 13, 13, 23, 15, 0, 14, 16, 13, 8, 0, 13, 26, 10, 25, 45, 5, 4, 10, 1, 9, 0, 18, 12, 14, 11, 0, 3, 1, 1, 1, 0, 10, 1, 3, 9, 3, 0, 30, 0, 28, 8, 1, 46, 4, 6, 11, 0, 13, 0, 19, 0, 1, 0, 0, 0, 44, 6, 20, 112, 6, 15, 8, 26, 60, 3, 0, 0, 61, 5, 14, 7, 15, 72, 0, 22, 12, 22, 13, 23, 3, 17, 0, 0, 2, 2, 107, 1, 18, 0, 0, 0, 3, 18, 8, 0, 0, 28, 32, 23, 24, 0, 3, 15, 38, 5, 0, 6, 0, 6, 2, 1, 18, 0, 3, 6, 30, 0, 3, 0, 10, 0, 28, 129, 282, 14, 2, 16, 4, 62, 19, 6, 0]
mlxfast: routehist rows=512 experts=256 assign=4096 zero=52 min=0 p10=0 p25=1 p50=6 p75=22 p90=41 p99=145 max=196 counts=[7, 0, 1, 0, 23, 4, 18, 0, 0, 8, 0, 44, 11, 0, 31, 61, 33, 2, 13, 16, 5, 3, 58, 112, 1, 17, 25, 1, 6, 10, 1, 17, 1, 0, 2, 5, 1, 26, 18, 3, 0, 25, 8, 24, 35, 1, 6, 0, 0, 6, 0, 9, 27, 2, 1, 16, 7, 11, 1, 18, 8, 52, 0, 0, 6, 9, 34, 51, 4, 42, 2, 27, 104, 6, 27, 2, 0, 14, 1, 20, 9, 58, 11, 8, 3, 6, 6, 0, 1, 1, 0, 2, 0, 45, 5, 6, 5, 0, 4, 17, 2, 69, 31, 16, 0, 0, 0, 0, 4, 4, 0, 8, 0, 32, 8, 3, 1, 0, 17, 0, 16, 67, 7, 20, 5, 3, 25, 48, 1, 31, 55, 5, 5, 0, 3, 5, 27, 5, 1, 29, 4, 2, 4, 24, 7, 0, 39, 7, 0, 2, 2, 31, 31, 3, 3, 0, 6, 23, 28, 17, 2, 12, 1, 32, 169, 13, 1, 57, 5, 41, 15, 10, 37, 0, 9, 0, 3, 12, 2, 38, 72, 0, 196, 145, 29, 43, 0, 1, 21, 12, 37, 6, 16, 0, 0, 2, 22, 11, 23, 35, 0, 24, 2, 0, 0, 0, 0, 4, 19, 3, 2, 15, 0, 0, 0, 10, 41, 31, 2, 19, 20, 29, 4, 3, 0, 4, 8, 3, 127, 0, 0, 0, 3, 22, 0, 7, 54, 0, 12, 47, 14, 18, 115, 0, 22, 14, 2, 10, 7, 2, 68, 5, 0, 6, 2, 3]
mlxfast: routehist rows=512 experts=256 assign=4096 zero=61 min=0 p10=0 p25=1 p50=8 p75=20 p90=39 p99=159 max=218 counts=[14, 16, 95, 0, 0, 5, 17, 2, 0, 37, 37, 21, 0, 0, 3, 4, 12, 28, 10, 4, 0, 0, 42, 0, 19, 20, 4, 0, 40, 0, 34, 0, 5, 20, 0, 20, 0, 0, 0, 2, 10, 1, 20, 0, 18, 14, 11, 9, 3, 0, 36, 26, 0, 0, 4, 15, 1, 0, 0, 6, 26, 16, 0, 12, 0, 68, 2, 22, 13, 33, 43, 2, 1, 36, 22, 0, 30, 21, 2, 0, 0, 35, 4, 159, 9, 9, 8, 6, 5, 7, 46, 1, 0, 1, 9, 4, 11, 30, 4, 7, 17, 24, 0, 17, 3, 14, 1, 12, 73, 13, 11, 0, 7, 0, 6, 22, 9, 2, 25, 0, 9, 19, 6, 10, 2, 4, 1, 6, 0, 0, 9, 15, 0, 0, 6, 24, 0, 1, 15, 0, 14, 20, 8, 56, 15, 10, 0, 4, 67, 35, 0, 9, 1, 10, 0, 218, 0, 11, 47, 37, 10, 24, 30, 4, 0, 10, 41, 23, 34, 0, 12, 1, 39, 68, 8, 1, 13, 0, 43, 15, 25, 14, 19, 4, 48, 17, 0, 165, 15, 0, 2, 0, 4, 4, 0, 34, 17, 22, 5, 51, 36, 24, 0, 37, 2, 0, 19, 8, 3, 22, 7, 64, 0, 30, 7, 2, 2, 8, 36, 5, 1, 19, 14, 20, 0, 0, 68, 14, 3, 0, 0, 35, 0, 2, 0, 48, 105, 3, 8, 11, 1, 0, 74, 1, 59, 16, 0, 5, 7, 71, 0, 9, 0, 14, 18, 2]
mlxfast: routehist rows=512 experts=256 assign=4096 zero=54 min=0 p10=0 p25=1 p50=6 p75=20 p90=38 p99=146 max=235 counts=[10, 16, 32, 169, 52, 21, 5, 14, 37, 1, 0, 22, 69, 13, 12, 4, 2, 0, 6, 8, 10, 0, 5, 2, 16, 37, 0, 4, 24, 24, 14, 0, 22, 23, 8, 3, 6, 0, 2, 2, 1, 0, 22, 5, 15, 5, 19, 1, 1, 3, 19, 26, 9, 0, 1, 0, 2, 12, 1, 4, 11, 0, 14, 76, 0, 4, 0, 39, 0, 235, 17, 4, 7, 1, 22, 0, 1, 0, 0, 27, 0, 30, 4, 0, 26, 10, 0, 9, 146, 5, 1, 0, 6, 10, 3, 2, 1, 31, 0, 19, 8, 61, 44, 3, 7, 136, 0, 9, 4, 9, 50, 8, 0, 0, 96, 37, 14, 17, 9, 18, 5, 7, 0, 37, 86, 16, 0, 13, 3, 0, 5, 23, 27, 1, 10, 4, 41, 1, 9, 19, 2, 0, 73, 20, 6, 1, 1, 4, 26, 23, 19, 7, 15, 45, 0, 0, 0, 5, 99, 20, 36, 5, 0, 1, 26, 9, 14, 10, 109, 1, 25, 0, 59, 0, 12, 27, 25, 27, 82, 7, 3, 6, 34, 2, 0, 7, 0, 0, 4, 6, 0, 7, 2, 38, 0, 2, 0, 3, 2, 14, 3, 4, 1, 21, 16, 31, 0, 2, 3, 6, 0, 7, 3, 1, 0, 21, 0, 2, 38, 7, 7, 4, 2, 0, 97, 9, 14, 35, 0, 0, 10, 2, 6, 10, 25, 24, 49, 0, 0, 3, 8, 0, 0, 0, 36, 65, 4, 12, 6, 43, 0, 13, 23, 5, 8, 0]
mlxfast: routehist rows=512 experts=256 assign=4096 zero=44 min=0 p10=0 p25=1 p50=7 p75=17 p90=39 p99=152 max=235 counts=[235, 6, 1, 25, 12, 5, 5, 80, 0, 0, 0, 30, 18, 45, 0, 11, 10, 1, 16, 22, 34, 0, 12, 4, 11, 19, 2, 0, 54, 0, 4, 15, 2, 0, 15, 26, 16, 9, 14, 22, 37, 0, 30, 6, 9, 0, 13, 3, 2, 0, 32, 3, 1, 0, 1, 2, 7, 3, 0, 1, 0, 6, 0, 8, 14, 11, 152, 4, 3, 5, 3, 0, 19, 8, 3, 7, 1, 0, 0, 0, 8, 151, 48, 1, 14, 38, 11, 0, 16, 3, 15, 0, 5, 6, 0, 7, 0, 2, 16, 17, 0, 2, 7, 1, 218, 4, 13, 1, 52, 4, 8, 0, 1, 0, 8, 39, 13, 0, 16, 9, 0, 6, 36, 21, 39, 30, 1, 19, 1, 1, 0, 1, 24, 0, 17, 22, 26, 11, 5, 43, 12, 6, 85, 4, 9, 15, 1, 9, 59, 29, 9, 32, 1, 48, 3, 11, 13, 14, 0, 1, 6, 0, 0, 16, 73, 4, 35, 7, 10, 17, 16, 50, 8, 10, 0, 9, 31, 43, 20, 44, 33, 16, 96, 17, 6, 4, 33, 0, 14, 11, 0, 30, 0, 2, 2, 116, 14, 8, 8, 1, 39, 0, 17, 8, 1, 21, 94, 24, 2, 4, 2, 3, 37, 1, 1, 0, 6, 3, 0, 3, 0, 1, 2, 17, 5, 1, 2, 1, 4, 15, 21, 1, 8, 4, 0, 12, 13, 2, 0, 9, 2, 1, 23, 17, 2, 19, 7, 3, 0, 6, 59, 10, 14, 4, 101, 41]
mlxfast: routehist rows=512 experts=256 assign=4096 zero=60 min=0 p10=0 p25=1 p50=5 p75=16 p90=43 p99=170 max=217 counts=[0, 1, 0, 0, 0, 1, 7, 0, 12, 83, 0, 7, 54, 0, 41, 0, 15, 7, 8, 0, 11, 0, 35, 50, 18, 14, 0, 0, 5, 13, 25, 4, 0, 2, 0, 2, 2, 3, 15, 3, 32, 36, 0, 32, 18, 32, 36, 2, 0, 1, 3, 5, 0, 1, 0, 1, 4, 7, 22, 0, 2, 2, 0, 79, 1, 1, 3, 0, 0, 0, 0, 0, 1, 2, 19, 0, 31, 3, 0, 10, 0, 5, 2, 0, 3, 0, 0, 0, 47, 0, 2, 2, 0, 2, 1, 0, 1, 16, 4, 4, 7, 12, 161, 7, 10, 2, 13, 1, 4, 5, 2, 13, 217, 4, 8, 1, 25, 66, 113, 4, 15, 1, 3, 43, 1, 3, 60, 16, 11, 9, 1, 0, 0, 32, 7, 12, 12, 5, 0, 6, 120, 13, 69, 6, 44, 6, 0, 73, 0, 3, 0, 15, 2, 35, 2, 3, 15, 2, 5, 8, 1, 6, 14, 15, 7, 5, 0, 3, 8, 2, 0, 32, 12, 14, 0, 0, 0, 2, 68, 43, 93, 5, 7, 40, 33, 4, 0, 2, 9, 53, 34, 16, 8, 16, 13, 19, 0, 0, 18, 125, 0, 2, 1, 23, 43, 15, 18, 2, 2, 33, 26, 21, 22, 3, 39, 0, 170, 34, 3, 0, 25, 2, 15, 26, 2, 0, 11, 15, 43, 30, 6, 95, 2, 22, 0, 6, 8, 0, 52, 13, 24, 0, 1, 0, 13, 0, 11, 12, 0, 2, 15, 183, 5, 26, 1, 0]
mlxfast: routehist rows=512 experts=256 assign=4096 zero=50 min=0 p10=0 p25=1 p50=6 p75=20 p90=42 p99=146 max=185 counts=[66, 10, 63, 70, 17, 40, 11, 0, 0, 4, 0, 30, 25, 4, 3, 5, 7, 0, 27, 0, 6, 28, 5, 0, 1, 0, 70, 2, 77, 0, 18, 1, 1, 32, 6, 9, 2, 4, 36, 0, 30, 1, 0, 36, 12, 8, 66, 8, 9, 0, 10, 4, 0, 1, 0, 1, 3, 0, 12, 0, 0, 4, 22, 0, 11, 5, 6, 13, 6, 1, 3, 43, 39, 2, 12, 3, 0, 11, 10, 8, 0, 2, 23, 0, 0, 11, 3, 1, 5, 0, 0, 0, 26, 0, 0, 1, 2, 6, 28, 4, 0, 8, 11, 6, 3, 17, 12, 24, 0, 10, 23, 112, 79, 0, 25, 9, 49, 30, 8, 16, 35, 0, 1, 0, 10, 16, 8, 14, 1, 5, 20, 26, 0, 168, 19, 16, 1, 13, 0, 10, 0, 2, 17, 10, 16, 57, 9, 8, 1, 2, 74, 2, 1, 18, 33, 77, 4, 0, 8, 42, 2, 0, 47, 0, 185, 33, 15, 11, 35, 4, 4, 49, 1, 15, 0, 0, 0, 3, 19, 1, 3, 5, 12, 94, 0, 9, 23, 2, 11, 6, 2, 18, 0, 20, 0, 8, 31, 0, 2, 0, 0, 0, 29, 1, 37, 25, 13, 1, 4, 5, 5, 39, 33, 0, 1, 22, 6, 2, 4, 16, 47, 2, 38, 4, 5, 3, 32, 44, 10, 16, 1, 18, 12, 1, 2, 2, 80, 10, 146, 4, 39, 22, 7, 28, 1, 65, 8, 0, 1, 20, 0, 45, 28, 5, 4, 55]
mlxfast: routehist rows=512 experts=256 assign=4096 zero=79 min=0 p10=0 p25=0 p50=3 p75=18 p90=47 p99=151 max=178 counts=[44, 22, 0, 2, 0, 0, 20, 0, 15, 87, 2, 37, 7, 0, 12, 0, 103, 1, 5, 0, 16, 1, 17, 0, 11, 3, 85, 2, 2, 0, 20, 7, 1, 1, 4, 70, 0, 9, 20, 5, 3, 11, 36, 11, 1, 18, 0, 129, 9, 0, 0, 44, 32, 13, 0, 0, 8, 0, 6, 0, 0, 1, 8, 0, 11, 44, 19, 2, 0, 0, 0, 45, 97, 11, 54, 2, 0, 3, 9, 33, 10, 20, 0, 0, 16, 0, 0, 0, 30, 0, 0, 2, 5, 0, 57, 11, 0, 127, 1, 61, 29, 0, 8, 3, 9, 0, 24, 14, 1, 1, 36, 0, 0, 8, 12, 17, 2, 0, 49, 0, 3, 0, 6, 57, 11, 6, 0, 2, 2, 0, 0, 0, 7, 1, 14, 0, 16, 1, 3, 2, 5, 0, 0, 3, 0, 16, 54, 47, 2, 0, 8, 22, 15, 1, 14, 46, 20, 2, 0, 0, 0, 47, 0, 93, 144, 2, 0, 90, 19, 4, 178, 2, 48, 50, 0, 0, 8, 0, 22, 31, 0, 22, 81, 33, 9, 7, 1, 16, 16, 3, 2, 0, 21, 3, 0, 158, 20, 2, 0, 151, 14, 32, 1, 0, 30, 0, 3, 0, 2, 1, 2, 4, 26, 4, 8, 2, 0, 0, 1, 0, 7, 0, 25, 0, 0, 7, 0, 16, 0, 5, 1, 0, 69, 15, 0, 65, 15, 12, 29, 35, 1, 0, 0, 20, 16, 0, 1, 63, 6, 0, 0, 4, 4, 0, 36, 1]
