12.588625
10.297708
10.133625
9.956292
9.945583
9.972375
9.952083
9.948667
9.963125
9.909875
9.888375
9.884500
9.924959
9.902833
9.879583
9.932125
9.872042
9.881792
9.901834
9.928833
9.846958
9.870166
9.958875
9.877917
9.879750
9.923917
10.475209
10.318291
10.147834
10.496250
9.981708
10.260375
10.020667
10.188375
10.103000
9.970209
9.923833
10.009166
9.924666
10.006125
10.032542
9.901667
10.127875
9.969459
10.158417
9.960542
9.906875
10.065083
9.915417
10.057458
9.992125
9.881125
9.981416
9.927000
10.017834
10.048292
9.948708
10.089250
9.870667
10.022333
10.066334
9.904125
10.127959
9.915583
10.012542
9.984875
9.948666
9.976125
9.894667
10.048750
9.929125
9.866042
10.011709
10.375709
10.042959
9.974333
9.891333
9.993042
9.959083
9.953458
9.907125
9.888667
10.000584
9.866167
9.963541
9.925625
9.897583
10.105333
9.952750
10.005916
9.957250
9.897333
10.006917
9.910375
9.982875
9.846667
9.887625
10.134667
10.162250
10.053083
9.979833
9.928416
10.050250
9.913708
9.951250
9.962416
9.967500
10.005500
9.881041
9.960833
9.857250
9.891750
10.028084
9.907333
9.958000
9.859042
9.951166
10.027208
9.929334
9.974000
10.021666
9.990416
10.012583
9.907333
10.049709
9.985333
10.017250
9.900041
9.898209
9.942167
35.353209
10.758750
10.774209
10.937375
10.977125
10.592458
11.149750
10.063250
10.025250
10.031667
9.986792
9.951292
9.889666
9.944750
10.055917
9.942875
9.962167
9.911458
9.945959
9.946084
9.954542
10.009375
9.972708
9.989000
9.987292
9.865000
10.034416
9.885916
10.077791
10.047500
9.904125
9.939875
9.876542
10.002375
9.973042
9.909042
9.970084
9.958375
10.229250
10.072042
9.990666
9.950708
10.003125
10.197500
10.134416
10.024625
10.108000
10.105167
9.945416
10.124958
9.948458
10.133542
10.067625
9.914750
10.040417
9.904459
10.026917
10.127875
9.981333
10.136875
10.076458
10.042958
10.094042
9.990833
10.064750
9.870500
9.966750
9.994625
9.869959
9.940791
9.883542
9.995917
9.953417
9.880041
10.042042
9.887292
10.027084
9.954833
9.868917
10.272292
10.481500
10.519750
10.463500
10.188666
10.369292
10.257208
10.279042
10.309833
10.198375
10.313875
10.172166
10.101959
10.162750
10.326208
10.150833
10.311417
10.229417
10.212583
10.233209
10.204459
10.241625
10.240708
10.265875
10.332834
10.215792
10.295125
10.350750
10.196500
10.256333
10.249250
10.196625
10.254125
10.357625
10.214167
10.145958
10.335750
10.362917
10.204459
10.119208
10.260666
10.192042
10.085667
10.309458
10.338583
10.177750
10.336541
11.669334
10.321500
10.122209
10.321333
10.185875
10.174459
10.104292
10.166459
10.027750
10.105459
10.149375
10.118375
10.079333
10.080208
10.162750
10.189834
10.139792
9.997083
10.102208
10.050209
9.969459
10.156167
10.057208
10.197042
10.084000
9.997833
10.041458
10.111625
10.207167
10.265875
10.060000
10.077916
10.111417
10.102167
10.178750
10.085458
10.210500
10.092625
10.131166
10.074000
10.026875
10.024583
10.016292
9.966792
10.026542
10.029250
10.039625
10.017000
10.005875
10.080083
10.071625
10.033250
9.868875
9.869291
9.843958
9.803041
9.812958
9.814416
9.866125
9.931667
9.847083
9.830792
9.804166
9.966250
9.976125
9.844500
9.864875
9.783458
9.947625
9.825291
9.836250
9.912583
9.807708
9.838625
9.808500
9.853084
9.854000
9.786708
9.844209
9.825125
9.834458
9.863792
9.827875
9.936834
9.846625
9.833125
9.842042
9.793916
9.811459
9.851375
9.986625
9.842459
9.795041
9.816458
9.829000
9.841792
9.793792
9.832958
9.837334
9.832625
9.878083
9.798417
9.863584
9.882458
9.816750
9.862750
9.844458
9.876750
9.846750
9.824583
9.813125
9.876250
9.894708
9.802125
9.824875
9.826667
9.831334
9.861416
9.852000
9.844584
9.858541
9.829334
9.856625
9.822125
9.907583
9.890417
9.830042
9.850750
9.844417
9.886875
9.844875
9.839375
9.839958
9.828083
9.895542
9.820375
9.858000
9.822125
9.825709
9.830584
9.889375
9.841000
9.825375
9.835292
