12.677750
10.350584
10.187250
10.211292
10.030750
10.034292
9.835167
9.950041
10.038334
10.049792
9.925916
10.154459
10.149667
10.019167
10.101750
10.109125
10.061583
9.945709
9.903834
9.956958
10.109083
9.982500
9.955208
9.813750
9.919583
9.959750
9.996708
9.929750
9.885084
10.022416
9.986666
9.809417
9.782666
9.764000
9.787375
9.780500
9.767000
9.731792
9.716500
9.865000
9.719833
9.758542
9.727792
9.707875
9.767125
9.755875
9.776416
9.712333
9.733416
9.821000
9.743666
9.761291
9.731416
9.745917
9.767166
9.721583
9.743084
9.722208
9.757125
9.763291
9.727583
9.736875
9.718666
9.763792
9.760625
9.722625
9.747583
9.710292
9.825959
10.038042
9.873625
9.748458
9.730458
9.747458
9.729000
9.706166
9.729916
9.774875
9.739375
9.739917
9.747125
9.721000
9.746167
9.775125
9.745375
9.836167
9.791541
9.778417
9.732083
9.790000
9.737958
9.726333
9.775250
9.720125
9.748500
10.128000
9.838375
9.830166
9.718125
9.748291
9.768291
9.764709
9.784750
9.731916
9.819000
9.707708
9.761667
9.770958
9.742000
9.767042
9.752750
9.750208
9.804917
9.718250
9.744708
9.751041
9.956833
9.788541
9.750625
9.808958
9.866500
9.925541
10.917583
9.734916
9.750958
9.726292
9.828166
9.758625
9.786375
9.767167
9.736458
9.767791
9.742083
9.767708
9.751875
9.783000
9.788959
9.743625
9.776291
9.756166
9.745792
9.789500
9.738458
9.787333
9.718167
9.852792
9.773625
9.743333
9.846542
9.789042
9.801625
9.774125
9.751334
9.767208
9.761209
9.745500
9.742083
9.721750
9.771083
9.738291
9.759750
9.751625
9.750459
9.763375
9.785958
9.773250
9.761209
9.793500
9.726833
9.750208
9.835083
9.751625
9.747333
9.727042
9.824375
9.772584
9.763834
9.821459
9.780166
9.759000
9.813917
9.758167
9.811958
9.781958
9.786917
9.767083
9.817500
9.812375
9.760583
9.800916
9.793959
9.794917
9.812458
9.776667
9.773458
9.777083
9.809875
9.772834
9.815709
9.755458
9.797167
9.776333
9.776166
9.791541
9.804125
9.807208
9.846292
9.772667
9.818125
9.766084
9.772334
9.789541
9.759166
9.794375
9.733542
9.765083
9.772583
9.779125
9.788291
9.777625
9.798208
9.797667
9.767708
9.792333
9.784875
9.794417
9.792541
12.089083
10.074333
9.810916
9.855291
9.796958
9.775125
9.842958
9.781333
9.822542
9.802750
9.781416
9.839750
9.754667
9.822375
9.813375
9.799000
9.830709
9.790542
9.804125
9.804583
9.803833
9.802750
9.774166
9.823250
9.753667
9.819083
9.828375
9.751917
9.826375
10.711542
9.903583
9.845041
9.806791
9.892625
9.812209
9.776000
9.797917
9.812625
9.796375
9.812042
9.787125
9.809375
9.792708
9.843791
9.813375
9.781417
9.776333
9.885583
9.781250
9.797792
9.811042
9.767667
9.793333
9.827709
9.783583
9.840125
9.767167
9.810750
9.782417
9.800083
9.820291
9.796792
10.010667
10.089084
9.937958
9.857208
9.795667
9.849542
9.868791
9.864167
9.847000
9.826167
9.896875
9.786458
9.827875
9.817792
9.815167
9.823292
9.795458
9.910791
9.798792
9.834209
9.810833
9.795958
9.824333
9.804958
9.833708
9.830583
9.756291
9.918333
9.785417
9.840500
9.827250
9.805500
9.855584
9.769500
9.802708
9.829500
9.841541
9.866334
9.785250
9.853167
9.808625
9.840667
9.803875
9.810167
9.835042
9.807875
9.815917
9.871583
9.810375
9.835125
9.818708
9.837083
9.819542
9.813208
9.824958
9.812500
9.839583
9.790208
9.783542
9.850083
9.786875
9.790750
9.801000
9.908834
9.807875
9.954375
10.011875
9.842791
9.925125
9.963334
9.804375
9.833250
9.803250
9.854875
9.802125
9.806833
9.826083
9.824209
9.806708
9.889459
9.800917
9.808166
9.825542
9.840833
9.814750
9.794542
9.824333
9.818500
9.790792
9.815333
9.896833
9.765625
9.808292
9.822041
9.813500
9.850375
9.812458
9.867250
9.819750
9.806041
9.843250
9.796542
9.850459
9.832666
9.805875
9.827000
9.785334
9.870958
9.830625
9.826125
9.895834
