13.479833
9.992208
9.900833
10.252625
10.154667
9.894417
9.941709
10.066333
9.970958
9.905542
9.895875
9.927125
9.866125
9.909541
9.901958
9.914000
9.842666
9.909334
9.871833
9.873250
9.857416
9.876917
9.873541
9.883209
9.902250
9.884458
9.883792
9.847875
9.896542
9.847875
9.877167
9.856541
10.173167
9.933333
9.816750
9.898792
9.890417
9.885500
9.853750
9.897500
9.888667
9.877125
10.004458
9.763334
9.755750
9.863292
9.892417
9.850042
9.887250
9.935667
9.878834
9.863084
9.971750
9.890667
9.928208
9.864791
9.894958
9.922417
9.873208
9.861416
9.910416
9.832833
9.864583
9.841333
9.860583
9.859000
9.852792
9.915458
9.833667
9.910000
9.834083
9.881416
9.911125
9.905125
9.846041
9.849834
9.862792
10.069583
10.096084
9.976208
9.922458
9.880959
9.942250
9.915833
9.911708
9.866000
9.837584
9.832541
9.892417
9.830542
9.892542
10.033625
9.891583
9.839584
9.863459
9.840125
9.869959
9.834250
9.899500
9.863667
9.874959
9.907750
9.904708
10.121250
9.948833
9.879417
9.900459
9.889292
9.868083
9.885167
9.908709
9.850250
9.838417
9.903417
9.881208
9.913000
9.930292
9.836459
9.943959
9.910292
9.840709
9.975791
11.055542
9.883750
9.944500
9.995541
9.877750
9.902458
9.973708
9.894084
9.885500
10.036084
9.920667
9.937458
9.877625
9.868375
9.996916
9.884667
9.928791
9.868708
9.898334
9.847500
9.836750
9.901958
9.848417
9.949000
9.910166
9.977333
10.134208
9.911167
9.843500
9.879208
9.815541
9.887916
9.825709
9.865417
9.852459
9.807000
9.910667
11.275959
10.594750
10.391834
10.414584
10.207750
10.170625
10.339042
10.188334
10.159583
10.083375
10.223667
10.085875
10.177583
10.213166
10.201875
10.067708
10.154000
10.080459
10.248792
10.146708
10.272667
9.995958
10.162708
10.264500
10.269458
10.224916
10.244666
10.417084
10.305584
10.245250
10.207083
10.298583
10.198042
10.189333
10.224208
10.242750
10.154000
10.342833
10.055000
10.196709
10.143917
10.258167
10.135958
10.218083
10.203875
10.285958
10.062666
10.202416
10.024542
10.197084
10.112209
10.192833
10.149458
10.179083
10.148208
10.159125
10.180500
10.078542
10.135708
10.017917
10.145916
10.216334
10.115250
10.046417
10.013417
9.981167
10.222042
10.686833
10.090958
10.160708
10.024416
10.137333
10.185917
10.113792
10.105875
10.039834
10.128958
9.985458
10.189042
10.106375
10.160084
10.058208
10.055708
10.098083
10.125292
10.044000
10.170709
10.137166
10.113208
10.122709
10.072583
10.220333
10.083750
10.081125
10.177875
10.056709
10.187958
11.317917
10.145375
10.016667
9.805083
9.837875
9.839291
9.777042
9.881709
9.748583
9.916167
9.820791
9.802750
9.805417
9.786916
9.866666
9.839708
9.817834
9.811208
9.750042
9.855917
9.857125
9.864125
9.784709
9.780125
9.822917
9.806333
9.845583
9.802167
9.793958
9.895875
9.781792
9.862583
9.815834
9.811042
9.846666
9.784292
9.810042
9.794208
9.795125
9.869333
9.826417
9.836792
9.804375
9.822166
9.829000
9.802708
9.826500
9.793333
9.820917
9.837083
9.793833
9.819875
9.775959
9.831208
9.791666
9.821916
9.803958
9.775125
9.802708
9.828459
9.792875
9.824125
9.824083
9.782583
9.801209
9.823417
9.809000
9.805209
9.889250
9.796083
9.814791
9.834042
9.823750
9.844666
9.819166
9.944042
9.832500
9.854125
9.810209
9.833750
9.838417
9.821417
9.861125
9.827917
9.787000
9.861083
9.810667
9.870166
9.795000
9.816875
9.817166
9.786542
9.857208
9.832917
9.825916
9.826000
9.827833
9.917750
9.821958
9.790334
9.806125
9.814333
9.850667
9.831375
9.959250
9.859250
9.808541
9.858500
9.813000
9.934167
9.826958
9.840625
9.805292
9.831208
9.843250
9.911166
9.839042
9.794500
9.822291
9.862417
9.837125
9.846708
9.850208
9.819708
9.854167
9.795625
9.942958
9.845208
9.810625
9.847750
9.819500
9.821250
9.867584
9.821000
9.830916
9.833208
9.857333
9.876167
9.818708
9.874791
9.825417
9.886750
9.850250
9.863916
