11.842792
9.900791
9.885000
9.865917
9.788375
9.852458
9.797292
9.840542
9.903417
9.810333
9.802792
9.778958
9.813917
9.812709
9.752959
9.808833
9.754791
9.885375
9.777792
9.803959
9.856875
9.751000
9.799375
9.779292
9.781417
9.823084
9.730500
9.759458
9.725000
9.764667
9.782875
9.741583
9.734958
9.730750
9.749000
9.754333
9.753292
9.751458
9.756208
9.777084
9.723916
9.774125
9.783583
9.767667
9.786958
9.734333
9.808458
9.743083
9.798042
9.780667
9.710125
9.751667
9.734708
9.843208
9.752958
9.747750
9.768792
9.730834
9.761250
9.765959
9.765167
9.844291
9.743791
9.790334
9.823000
9.769500
9.764167
9.767459
9.767000
9.701792
9.772458
9.758334
9.734375
9.768083
9.926125
9.965042
9.761666
9.753917
9.747792
9.727667
9.742959
9.742834
9.756250
9.721834
9.727792
9.757625
9.742125
9.763792
9.818417
9.728791
9.714000
9.736459
9.710375
9.753208
9.834875
9.757416
9.749333
9.733959
9.756750
9.747250
10.066458
9.901667
9.775458
9.746750
9.824583
9.712542
9.797792
9.719042
9.745208
9.777000
9.782375
9.745083
9.858208
9.738541
9.785625
9.728667
9.779709
9.782084
9.753542
9.826250
9.758458
9.835333
9.746834
9.782542
9.841000
9.777250
9.825583
9.720000
9.762125
9.845417
9.747750
9.769959
9.770917
9.774125
9.763417
9.767667
9.842584
9.761916
9.770875
9.840750
9.762292
9.778625
9.821333
9.774125
9.740083
9.796083
9.775917
9.741667
9.753750
9.726542
9.868083
9.769917
9.819959
9.789542
9.767250
9.775583
9.714667
9.782208
9.863084
9.768416
9.784209
9.751000
9.776167
9.796250
9.765375
9.858583
9.753875
9.809458
9.753167
9.811292
9.784166
9.740209
9.767625
9.723667
9.721667
9.770417
9.763792
9.767833
9.774958
9.837667
9.767125
9.768542
9.757667
9.770042
9.758875
9.752458
9.778375
9.755791
9.762375
9.790541
9.727333
9.771291
9.762416
9.733250
9.809250
9.737834
9.778000
9.756166
9.798375
9.762166
9.756500
9.804792
9.742875
9.738000
9.802875
9.778000
9.776000
9.784000
9.853458
9.789334
9.770000
9.865667
9.748709
9.776459
9.847542
9.778500
9.796208
9.747541
9.808000
9.733584
9.781833
9.792750
9.782667
9.782041
9.768750
9.826083
9.968375
9.787583
9.899500
9.774833
9.788625
9.849792
9.821708
9.806500
9.767459
9.764583
9.776375
9.909209
9.816750
9.796584
9.783833
9.745875
9.861500
9.754333
9.782166
9.867375
9.771833
9.873625
9.776583
9.822375
9.770500
9.780583
9.798125
9.823833
9.774959
9.826000
10.730542
9.850209
9.753333
9.869583
9.795875
9.836333
9.797834
9.803417
9.799416
9.810000
9.804167
9.803666
9.787792
9.826000
9.776417
9.775375
9.814292
9.788292
9.854250
9.821042
9.801625
9.817583
9.809125
9.794292
9.800958
9.897125
9.795833
9.786416
9.804125
9.778208
9.785000
9.765417
9.769458
9.778791
9.805875
9.791208
9.780541
9.829541
9.787834
9.782583
9.785166
10.129375
9.940167
9.863750
9.803041
9.833334
9.795583
9.900708
9.820000
9.877542
9.838083
9.818500
9.808833
9.794458
9.991833
9.860166
9.818583
9.801208
9.795334
9.814208
9.880042
9.817542
9.822459
9.788875
9.784584
9.840583
9.923208
10.034500
9.963791
10.016500
9.958417
9.916333
10.028833
9.920875
9.994333
9.924250
9.937709
9.952625
9.946667
9.962667
10.034916
9.949500
9.984916
9.999917
9.901500
9.926959
9.973334
9.904125
9.929916
9.934333
9.899500
9.914625
9.941000
9.926458
9.954083
9.940875
9.960750
9.924500
9.918000
9.980209
9.931375
9.952166
9.943542
9.947916
9.966458
9.940333
10.043750
9.962292
9.949208
9.982708
9.908791
9.910042
9.919333
9.921125
9.966583
9.929916
9.978916
9.982000
9.942916
9.951416
9.965375
9.952417
9.949375
9.939625
9.892666
9.969792
9.943750
9.968666
9.957541
9.933833
9.928500
12.408417
9.970959
9.942959
9.958041
9.936375
9.954792
9.921750
9.940208
9.939417
10.012334
9.945916
9.920417
9.932417
