13.091875
10.345583
10.240583
10.256500
9.969042
10.077667
9.995583
9.952125
9.925917
9.916083
9.990875
9.914875
9.891750
9.903459
9.870291
9.851625
9.873667
9.901375
9.894500
9.914750
9.840542
9.918208
9.859583
9.831667
9.877500
10.020916
9.900000
9.870750
9.856208
9.863167
9.930334
9.914083
9.840291
9.958708
9.882083
9.976000
9.899542
9.881709
9.962541
9.866333
9.928625
9.897708
9.912917
9.922125
9.873083
9.887208
9.886542
9.838083
9.864667
9.880750
9.870125
9.868209
9.892291
9.915875
9.870125
9.865625
9.827542
9.980584
9.933791
9.975708
10.093709
9.907583
9.859500
9.877625
9.851500
9.975625
9.904084
9.886792
9.859167
9.856083
9.872375
9.862250
9.891375
9.905375
9.898791
9.941041
9.882583
9.870375
9.877750
9.835667
9.851666
9.878416
9.907708
9.877167
9.843750
10.144000
9.971708
9.934500
9.879083
9.878125
9.955416
9.878375
9.948458
9.832833
9.854750
9.842334
9.855792
9.864958
9.888042
9.957583
9.856583
9.905333
9.903875
9.870375
9.944958
9.860042
9.856167
9.940916
9.870916
9.876250
9.998750
9.972917
9.879709
9.909959
9.882542
9.986334
9.861584
9.912417
9.997459
9.947791
9.885083
9.873208
9.894459
9.896750
9.886250
9.874584
9.802542
9.984042
9.844833
9.857417
9.912084
9.794833
9.885375
9.923125
9.844208
9.891125
9.874708
9.859916
9.924500
9.899334
9.891458
9.881083
9.875375
9.899584
9.853250
9.888708
9.863250
9.905959
9.937625
9.916917
9.866750
9.901000
9.860333
9.923500
9.854708
9.874084
9.877875
9.912083
9.929542
9.913542
9.908916
9.862125
9.924042
9.857333
9.888333
9.897542
9.904792
9.904625
9.902542
9.895500
9.850167
9.892750
9.887667
9.886833
9.913750
9.870500
9.993666
9.862084
9.943125
9.858833
9.943625
9.903125
9.903167
9.950792
9.905667
9.871917
9.929167
9.910584
10.014250
9.899166
9.971000
9.908792
9.867667
9.859834
9.891083
9.905959
9.886500
9.852292
9.916292
9.897208
10.015583
9.950375
9.917708
9.922000
9.897583
9.906291
9.857417
9.888833
9.870416
9.896834
9.852625
9.915875
9.851583
9.909041
9.914416
9.866375
9.862625
9.878416
9.881500
9.957584
9.916833
9.888541
9.876625
9.889584
9.906833
9.932667
9.907417
10.262083
10.006458
9.894625
9.862541
9.917416
9.909708
9.864209
9.934042
9.895167
9.913833
9.946833
9.909250
9.934334
10.027291
9.938292
9.990833
9.878042
9.934500
9.999583
9.898709
9.899833
9.893000
9.911416
9.916791
9.900291
9.924708
9.921125
9.912500
9.915875
10.994875
10.048167
9.929708
9.932083
9.968041
9.920084
9.957083
9.901875
9.864500
9.922667
9.933000
9.907917
9.906459
9.879416
9.921791
9.977458
9.883833
9.934500
10.049333
9.909083
9.933250
9.900958
9.882250
9.933458
9.964125
9.915542
10.004208
9.891208
9.910625
9.913083
9.900833
9.939458
9.904167
9.918708
9.929083
9.876125
9.955750
9.940459
9.967833
9.939125
9.898792
10.017166
9.910000
9.915209
9.933375
9.964125
9.907500
9.945667
9.981958
9.914917
10.124000
9.987917
10.009292
10.000666
9.927209
9.958250
9.919208
9.924042
9.911167
9.927541
9.918458
9.949750
9.924833
9.982500
9.964083
9.952250
9.937041
9.936375
9.940250
9.925125
9.909084
9.931250
9.918042
10.003875
9.908958
9.905291
9.922333
9.921125
9.934833
9.897542
9.922292
10.006459
9.926208
10.040958
9.953000
9.974750
9.944875
9.928625
9.917500
9.940166
9.975792
10.035917
10.309708
10.151042
10.048459
9.945292
9.945875
9.919125
10.002750
10.002583
9.932333
9.928125
9.993750
10.018500
9.993458
9.957208
9.995375
9.955875
9.963917
9.975042
9.926417
9.994625
9.970833
9.956875
9.953167
9.965166
9.976375
9.942458
9.933959
9.916750
9.891791
10.076000
9.962792
9.934750
9.982625
9.941209
9.955292
9.963458
9.885958
9.936875
9.942042
10.018458
10.041250
9.942417
9.929750
9.951333
9.960000
9.937333
9.980583
9.944875
9.997875
9.963333
9.985875
9.963000
