11.809333
9.883916
9.832875
9.794416
9.881791
9.806292
9.791292
9.818917
9.781750
9.822375
9.766042
9.762458
9.796125
9.748875
9.787042
9.816708
9.770417
9.849458
9.732667
9.773042
9.737500
9.769000
9.765584
9.725083
9.740250
9.741875
9.882916
9.750625
9.766500
9.752917
9.721416
9.867083
9.767833
9.767708
9.745292
9.768916
9.750708
9.706250
9.739792
9.739250
9.729875
9.788209
9.745583
9.721541
9.728708
9.759250
9.735625
9.702458
9.814333
9.746417
9.800416
9.716792
9.745250
9.719083
9.756833
9.729334
9.732625
9.719041
9.821667
9.710750
9.726542
9.741500
9.724583
9.750125
9.727209
9.734542
9.725459
9.769500
9.771833
9.731083
9.761459
9.796166
9.842292
9.722625
10.023833
9.912250
9.760416
9.762750
9.750083
9.749500
9.756125
9.715792
9.781500
9.745125
9.770959
9.870709
9.744000
9.794833
9.759291
9.764584
9.711250
9.778041
9.755334
9.759458
9.828084
9.700041
9.748417
9.824542
9.751959
9.781166
10.005958
9.864292
9.756583
9.798042
9.760833
9.772000
9.801542
9.761625
9.743041
9.761042
9.741250
9.754083
9.730584
9.787709
9.773500
9.735875
9.780834
9.730625
9.858875
9.755250
9.770583
9.750125
10.786041
9.800083
9.731250
9.814542
9.772708
9.759875
9.770916
9.725959
9.882708
9.804291
9.748083
9.757416
9.729416
9.778833
9.776375
9.786750
9.784291
9.737417
9.796500
9.831542
9.792458
9.784208
9.774375
9.776834
9.686333
9.738375
9.733542
9.710667
9.753041
9.748667
9.723208
9.718250
9.715208
9.736791
9.721750
9.732750
9.715000
9.739541
9.769792
9.735583
9.731792
9.715333
9.792125
9.730917
9.740583
9.730375
9.730292
9.782458
9.761625
9.874125
9.785500
9.779916
9.761458
9.761541
9.768625
9.884625
9.877958
9.961000
9.873541
9.896875
9.935208
9.861583
10.011666
9.907250
9.863958
9.888875
9.835042
9.909625
9.880875
9.873250
9.933667
9.892125
9.893667
9.919667
10.038125
9.909583
9.857458
10.006542
9.893584
9.947541
9.898500
10.054458
9.945333
9.892250
9.892583
9.887833
9.888375
9.879959
9.903708
9.875292
9.900125
9.901375
9.883459
9.889708
9.952250
9.888375
9.862041
9.888917
9.875791
9.986500
9.877208
9.907917
9.924458
9.864500
14.572667
10.090500
9.937875
9.899459
9.907334
9.984333
9.968542
9.918666
9.986459
9.912541
9.936958
9.887166
9.904250
9.933208
9.848916
9.899584
9.907917
9.905542
9.903708
9.918708
9.873541
9.899459
9.909750
9.866833
9.878041
9.978208
9.894791
9.895583
9.937000
9.894333
11.051000
9.952875
9.901750
9.901583
9.907292
9.880375
9.982208
9.889250
9.874125
9.883042
9.870167
9.868000
9.889167
9.924541
9.896666
9.932458
9.938125
9.915667
9.941417
9.876750
9.900208
9.896917
9.947583
9.913208
9.931084
9.909125
9.908958
9.941750
9.878417
9.918333
9.903166
9.931250
9.916625
9.946166
9.943667
9.933084
9.902583
9.907666
9.895375
9.877625
9.954792
9.979542
9.946875
9.906917
9.960458
9.892625
9.903875
10.006583
9.919041
9.908334
9.904500
9.893584
9.930042
9.914334
9.905500
9.934625
9.942791
9.988375
9.960250
10.025375
9.958500
9.917375
9.929333
9.889583
9.948875
9.932209
9.950125
9.936000
9.953083
9.886708
9.937041
9.914791
9.956750
9.925000
10.053000
9.902416
9.948916
9.960834
9.935416
9.895209
9.972209
9.920125
9.927375
9.932458
9.959375
9.979375
9.879875
9.915792
9.943167
9.932458
9.994417
9.950791
9.929625
9.976250
9.944416
9.927833
10.158250
10.296083
10.021958
10.001084
9.971125
9.984041
10.091125
9.979208
9.949583
9.962167
9.965125
9.939792
9.971458
9.933375
9.963583
9.944500
9.950167
9.930833
10.012833
9.967584
9.953416
9.956333
10.031667
9.950875
10.017041
9.933000
9.960542
9.907791
9.953708
9.926916
9.893791
9.982375
9.936417
10.045750
9.936875
9.945542
9.926000
9.953833
9.900041
9.918834
9.932292
9.937917
9.996875
10.091166
9.953125
9.898500
9.986125
9.994666
