12.872708
10.280916
10.144625
10.208958
9.967583
9.971084
9.929500
10.009208
9.967250
9.901042
9.926584
9.898084
9.859083
9.834917
9.867292
9.906584
9.883917
9.899584
9.900625
9.912959
9.934334
9.848792
9.857250
9.838917
9.879750
9.842250
9.869041
9.841625
9.899125
9.855375
9.861916
9.883500
9.922167
9.880416
9.881792
9.858417
9.883458
9.886333
9.874875
9.851250
9.828500
9.846500
9.919875
9.876041
9.865459
9.812958
9.833708
9.884208
9.865708
9.891500
9.899667
9.868250
9.895709
9.912209
9.897000
9.875959
9.942084
9.883167
9.886750
9.897375
9.874125
9.842375
9.872833
9.888208
9.870334
9.898958
9.850667
9.835750
9.866208
10.121458
9.933958
9.936917
9.780083
9.811542
9.868916
9.960125
9.936125
9.914292
9.855250
9.895000
9.869292
9.874542
9.878792
9.888584
9.852500
9.806167
9.844000
9.899875
9.931792
9.942167
9.927042
9.950416
9.970750
10.013916
9.951458
10.073041
9.903042
9.816542
9.845667
9.794459
9.856667
9.946834
9.838458
9.900084
9.811333
9.762375
9.933792
9.784916
9.792417
9.815417
9.783292
9.744875
9.758083
9.723042
9.702708
9.740500
9.759584
9.764875
9.729250
9.744459
9.914292
9.754500
9.718084
9.758792
9.776750
9.749500
9.736041
9.749000
9.723917
9.742417
9.728875
9.743917
9.768875
9.775833
9.764125
9.785750
9.759000
9.752750
9.740041
9.883125
9.752250
9.762708
9.814834
9.757625
9.800625
9.746958
9.886959
9.762250
9.751458
9.838792
9.739041
9.802125
9.770000
9.750333
9.785708
9.762958
9.809583
9.738208
9.812375
9.769209
9.739667
9.772125
9.747417
9.778500
9.760834
9.747834
9.812667
9.760541
9.795709
9.800583
9.814208
9.793958
9.766417
9.757458
9.745750
9.770125
9.768375
9.739000
9.761583
9.724542
9.801792
9.791709
9.750834
9.791375
9.785125
9.782459
9.727750
9.773542
9.766833
9.786125
9.781000
9.766167
9.798708
9.756875
9.775916
9.803708
9.764542
9.798000
9.783750
9.794542
9.831125
9.763708
9.800291
9.742500
9.810000
9.783750
9.764041
9.865875
9.777834
9.862583
9.772167
9.764834
9.772541
9.778542
9.807333
9.852708
9.761958
9.740791
9.790542
9.779500
9.768375
9.766833
9.771791
9.752708
9.775916
9.748167
9.739084
9.778667
9.777458
9.782750
9.708792
9.792291
9.786708
9.710125
9.796334
9.788667
9.811542
9.772416
9.809166
9.782417
9.772834
9.805667
9.781625
9.813333
9.824459
9.789500
9.798042
9.736500
9.813875
9.754542
9.854542
9.802000
9.763583
9.844333
9.809500
9.806375
10.813667
9.807167
9.833917
9.780333
9.834084
9.750750
9.769792
9.795916
9.809625
9.888000
9.839417
9.782417
9.816708
9.775834
9.801750
9.774625
9.813542
9.797791
9.804208
9.825833
9.779084
9.795083
9.795417
9.775125
9.794500
9.734541
9.808083
9.799667
9.792375
9.890417
9.800292
9.794375
9.770292
9.804459
9.806375
9.741500
9.797875
9.772750
9.882042
9.810666
9.788333
9.813000
9.778583
9.871083
9.809083
9.795625
9.830209
9.795458
9.910416
9.778166
9.831334
9.833250
9.791250
9.823875
9.786958
9.801417
9.877709
9.807375
9.801875
9.776291
9.775583
9.835291
9.792625
9.774792
9.787417
9.887458
9.816375
9.779666
9.868708
9.797667
9.804542
9.789166
9.813125
9.815208
9.795125
9.790792
9.781750
9.794459
9.890792
9.810791
9.795917
9.761209
9.851167
9.797542
9.826459
9.854292
9.797583
10.245000
9.969667
9.882208
9.818834
9.884959
9.866125
9.805750
9.827375
9.831625
9.819958
9.919875
9.840500
9.864542
9.832042
9.809459
9.809541
9.787875
9.837750
9.793916
9.824584
9.891167
9.795792
9.799500
9.793083
9.862375
9.819291
9.817375
9.891417
9.762375
9.898208
9.795500
9.806791
9.872125
9.804250
9.835041
9.872625
9.816542
9.845292
9.813958
9.873500
9.790208
9.862875
9.802083
9.799625
9.822750
9.792542
9.863042
9.832417
9.818542
9.840250
9.819875
9.834208
9.808250
9.871125
9.831708
9.837750
9.861250
