12.990208
10.142458
10.232833
10.176833
10.147416
10.130958
9.883416
9.941917
9.941250
9.960167
9.999208
9.904375
9.873917
9.996166
9.933667
9.927292
9.914167
9.876542
9.936458
9.873709
9.868625
9.848792
9.869042
9.873542
9.899333
9.845584
9.879542
9.877667
9.937250
9.853917
9.929166
9.870792
9.847459
9.890292
9.887791
9.874458
9.851500
9.829708
9.872667
9.813958
9.854667
9.883750
9.882750
9.859042
9.900042
9.943000
9.880125
9.903583
9.872667
9.881250
9.866875
9.854208
9.916833
9.858792
9.820166
9.873750
9.862166
9.863709
10.166292
9.890500
9.893333
9.855875
9.897625
9.832958
9.836917
9.840792
9.916917
9.868083
9.822083
9.992375
9.865250
9.910958
9.997000
9.877833
9.974625
9.896959
9.897042
9.942209
9.837208
9.858583
9.855458
9.895916
9.897125
10.011667
10.049083
9.956791
9.892916
10.038583
9.899917
9.890500
9.825000
9.867208
9.822625
9.851042
9.941709
9.866708
9.868750
9.837750
9.887708
9.969084
9.880375
10.022292
9.887375
9.967875
9.968834
9.864833
9.940792
9.902333
9.885417
10.156250
9.966291
9.877791
9.930792
9.936875
10.031417
9.870333
9.990417
9.858417
9.897000
9.970291
9.874792
9.875667
10.466625
9.808666
9.980166
9.834750
9.856500
9.844583
9.847125
9.863750
9.890042
9.851000
9.874917
9.915708
9.918417
9.879666
9.902542
9.870334
9.933000
9.863500
9.831667
9.840875
9.882958
9.813584
9.858292
9.856542
9.886541
9.888708
9.853375
9.870959
9.934667
9.910250
9.887416
9.887000
9.889000
9.875750
9.948833
9.911875
9.861125
9.864042
9.976542
9.930833
9.895667
9.979084
9.867708
9.921833
9.899167
9.859958
9.996125
9.868334
9.908166
9.856375
9.865792
9.899000
9.867459
9.860416
9.914500
9.891792
9.886500
9.851208
9.911541
9.895209
9.906458
9.918000
9.891084
9.873375
9.893667
9.912708
9.865958
9.912416
9.899750
9.880250
9.927750
9.869333
9.951125
9.994125
9.888334
9.929916
9.887833
9.903000
9.955291
9.894625
9.892375
9.902042
9.845542
9.867334
9.891250
9.891209
9.882958
10.003791
9.893916
9.893833
9.950708
9.889750
9.932417
9.941417
9.883542
9.867959
9.883041
9.988958
9.941750
9.941958
9.918542
9.940875
9.874375
9.892459
9.913584
10.128708
9.997458
9.863583
9.882833
9.913708
9.893666
9.897750
10.031791
9.912041
9.935209
9.920041
9.874000
9.888083
9.901084
9.882958
9.971500
9.903958
9.900208
9.911500
9.863625
9.875791
9.927167
9.866541
9.949250
9.951333
9.855083
9.876334
9.974209
9.882833
10.942042
9.954208
9.896625
9.939833
9.937541
9.893042
9.915875
9.934083
10.065500
9.945667
9.988375
9.838083
9.902959
9.999875
9.902500
9.950334
9.919667
9.903125
10.031250
9.947083
9.886875
9.887291
9.902833
9.965000
9.909917
9.901792
9.987250
9.928333
9.895833
9.930125
9.871917
9.942166
9.922500
9.890875
9.927584
10.000667
9.896125
9.950542
9.951625
9.936083
9.874833
9.914042
10.063292
9.913375
9.915000
10.053583
9.967667
9.976125
9.925792
9.958042
9.898250
9.899541
9.892167
9.907875
9.925250
9.913666
9.966042
9.883083
9.930375
9.936125
9.953083
9.918083
9.913500
9.936666
9.923334
10.035042
9.932083
9.903125
9.989500
9.891834
9.921834
9.949750
9.918709
9.944250
9.954084
9.945917
9.924209
9.909333
9.933750
9.948000
9.906625
9.919458
9.915084
9.936166
9.901459
9.869375
9.965208
9.987375
9.928084
10.204833
10.133417
10.035750
9.983333
9.949708
9.943208
9.927958
9.944333
9.988666
9.945125
9.940541
9.926834
9.961917
9.952333
9.945292
9.959125
10.031084
9.981083
9.965583
10.000791
9.958500
9.934625
9.948541
10.542792
9.975709
10.006750
9.945500
9.989333
10.025250
9.903916
9.908292
9.980208
9.897167
9.984583
9.931791
9.927250
9.940292
9.958583
10.013250
10.074959
10.137917
10.111417
9.937250
9.960833
9.970375
9.997500
10.100666
9.962083
9.969958
9.925000
9.906000
10.004292
9.973292
10.014167
10.011417
