10.105667
8.654833
8.540083
8.602042
8.445541
8.643458
8.558250
8.538583
8.629041
8.536458
8.630125
8.382583
8.500833
8.442792
8.400042
8.446625
8.520000
8.454125
8.453250
8.442041
8.650334
8.399167
8.379792
8.501125
8.446708
8.452542
8.575083
8.447292
8.361791
8.416500
8.528875
8.412792
8.431333
8.603959
8.355875
8.387000
8.385333
8.453709
8.477542
8.453250
8.458500
8.399125
8.399667
8.368875
8.450458
8.383250
8.388375
8.406875
8.464417
8.437125
8.434459
8.418209
8.440500
8.368083
8.442000
8.365000
8.420208
8.426917
8.382292
8.374542
8.435666
8.344875
8.362542
8.387917
8.359459
8.364041
8.371208
8.513708
8.380292
8.392167
8.428000
8.369667
8.348458
8.464375
8.393958
8.361875
8.418250
8.454583
8.325417
8.395333
8.391292
8.357792
8.352666
8.374792
8.500708
8.393750
8.383833
8.360458
8.419042
8.550834
8.358209
8.405375
8.381583
8.394333
8.394416
8.380041
8.450333
8.444083
8.646208
8.388292
8.395875
8.369167
8.443667
8.370125
8.373125
8.401958
8.383500
8.374042
8.404542
8.373000
8.356334
8.436084
8.441334
8.391625
8.492292
8.421375
8.358583
8.417084
8.428417
8.426333
8.365709
8.524542
8.382167
8.380000
8.421208
8.376542
8.403583
8.501667
8.555666
8.516958
8.413666
8.365667
8.392958
8.415250
8.405375
8.373208
8.410084
8.410000
8.447167
8.351458
8.377459
8.465917
8.379750
8.361125
8.385667
8.414292
8.414916
8.514250
8.432167
8.343125
8.387708
38.348500
8.938667
9.077000
9.077208
9.192416
9.219083
9.011167
8.940208
8.878334
8.397917
8.477458
8.431334
8.355459
8.439708
8.455583
8.366125
8.413541
8.440458
8.446292
8.377500
8.384750
8.405416
8.429042
8.475833
8.393166
8.468333
8.406916
8.469708
8.400584
8.433084
8.424166
8.478792
8.391500
8.385334
8.413417
8.455750
8.439250
8.474917
8.398792
8.431292
8.426583
8.435916
8.410667
8.435583
8.394750
8.422167
8.361083
8.453125
8.366708
8.454458
8.386292
8.407500
8.379417
8.499166
8.556583
8.442750
8.491917
8.423333
8.399292
8.366958
8.391917
8.489167
8.509500
8.412291
8.352042
8.421500
8.373958
8.505125
8.413959
8.397042
8.451167
8.434375
8.491500
8.435417
8.365709
8.486083
8.387583
8.417375
8.520417
8.393458
8.444959
8.402917
8.543916
8.420500
8.416875
8.480792
8.455917
8.399041
8.472375
8.452000
8.451458
8.442083
8.406833
8.399750
8.414083
8.457792
8.431334
8.426542
8.523250
8.365000
8.411209
8.419542
8.414292
8.393209
8.465250
9.489667
8.455667
8.443791
8.412041
8.452458
8.414375
8.416041
8.454542
8.393792
8.416542
8.415875
8.472375
8.383459
8.391166
8.461750
8.403625
8.494333
8.439166
8.415917
8.482875
8.455042
8.492083
8.422584
8.435625
8.535125
8.396958
8.495625
8.406875
8.451958
8.437417
8.395500
8.505000
8.465333
8.441250
8.456667
8.520000
8.469917
8.414833
8.434666
8.431917
8.481417
8.435666
8.425625
8.404833
8.420333
8.640334
8.458541
8.557667
8.422667
8.428208
8.480375
8.501083
8.536125
8.546292
8.581292
8.572834
8.499208
8.479333
8.623250
8.486833
8.542916
8.546000
8.538834
8.489542
8.520083
8.484333
8.536708
8.540208
8.536667
8.605292
8.564334
8.589500
8.582292
8.556541
8.462458
8.470708
8.438250
8.471458
8.464125
8.477959
8.442416
8.472625
8.462625
8.480042
8.450500
8.502917
8.478917
8.489667
8.423292
8.446583
8.376416
8.394166
8.376375
8.391958
8.420625
8.397125
8.372750
8.381417
8.378125
8.385375
8.380000
8.413583
8.387459
8.385875
8.381166
8.368250
8.375667
8.389667
8.382834
8.419000
8.384000
8.381500
8.385083
8.422875
8.388792
8.468458
8.390125
8.422375
8.397084
8.432125
8.392167
8.428917
8.392042
8.426167
8.377791
8.416917
8.386250
8.414500
8.386417
8.461458
8.383750
8.421167
8.396334
8.484125
8.394042
8.429625
8.392208
8.413625
8.383375
8.416791
8.383042
8.423417
8.383000
8.419958
