10.408625
8.904417
8.843750
8.634542
8.538083
8.764959
8.610125
8.690792
8.732000
8.688750
8.675000
8.558875
8.526000
8.793000
8.579583
8.586375
8.498584
8.331084
8.536250
8.521542
8.428750
8.478292
8.767333
8.469417
8.580667
8.557500
8.455542
8.889917
8.702625
8.653625
8.664041
8.514333
8.473708
8.499542
8.620000
8.543458
8.626042
8.464625
8.489542
8.378459
8.441666
8.407792
8.336458
8.714209
8.619041
8.461916
8.498083
8.535250
8.499625
8.418458
8.499583
8.470209
8.316042
8.363041
8.316125
8.343417
8.292875
8.334250
8.294125
8.330250
8.296459
8.340083
8.289500
8.345333
8.299292
8.340334
8.323792
8.320708
8.325583
8.325583
8.300666
8.335583
8.298250
8.331209
8.353500
8.408833
8.381292
8.540708
8.332875
8.344833
8.315083
8.345791
8.306916
8.334708
8.309125
8.348334
8.315208
8.376167
8.305708
8.351666
8.305875
8.320292
8.311250
8.348875
8.313250
8.397958
8.324708
8.342792
8.314917
8.345458
8.318125
8.344208
8.332041
8.345084
8.319458
8.352125
8.371917
8.536625
8.361792
8.361416
8.325000
8.352334
8.329875
8.358916
8.329667
8.352084
8.331542
8.359959
8.312417
8.349500
8.325208
8.361625
8.321458
8.364167
8.324000
8.359209
8.324250
8.343959
8.318416
8.341208
8.330958
8.345084
8.324666
8.345500
8.326542
8.369583
8.398958
8.427000
8.342083
8.347709
8.343208
8.361084
8.322750
8.353000
8.344541
8.357708
8.329916
8.345041
8.344333
8.333000
8.337833
8.341625
8.316958
8.336917
8.321167
8.340625
8.342750
8.333541
8.321875
8.340833
8.353250
8.347750
8.335500
8.347625
8.350833
8.339625
8.339666
8.348000
8.322291
8.395417
8.328000
8.377625
8.334125
8.370250
8.346500
8.374042
8.338416
8.374542
8.333417
8.384875
8.339542
8.378250
8.341083
8.374833
8.357334
8.377208
8.345375
8.388958
8.360500
8.383208
8.354167
8.393166
8.352583
8.367875
8.346667
8.376375
8.348000
8.391292
8.358250
8.397500
8.356292
8.394334
8.350709
8.388209
8.351417
8.401375
8.350875
8.385084
8.354125
8.378459
8.355500
8.437459
8.368666
8.427750
8.346834
8.388750
8.355125
8.466459
8.351333
8.390833
8.364916
8.400666
8.350625
8.383166
8.353917
8.400166
8.374167
8.371709
8.344583
8.396625
8.368541
8.449834
8.359000
8.396250
8.359708
8.396917
8.371709
8.399791
8.362167
8.413166
8.355208
8.489250
8.412042
8.407458
8.356333
8.402958
8.360417
8.398375
8.358458
8.388000
8.360792
8.393291
8.385750
8.402292
8.362167
8.406166
9.254083
8.429250
8.399292
8.386958
8.409500
8.370750
8.381292
8.368959
8.373959
8.374875
8.363916
8.354917
8.385708
8.364417
8.387875
8.359334
8.378834
8.374250
8.376708
8.358042
8.377375
8.371500
8.372084
8.383583
8.394542
8.374792
8.400792
8.376958
8.382000
8.360000
8.427292
8.379916
8.375917
8.371375
8.384708
8.377208
8.404458
8.381291
8.398708
8.370083
8.408834
8.386125
8.416125
8.395292
8.400708
8.386792
8.416042
8.387042
8.402708
8.375375
8.403750
8.399958
8.413083
8.377875
8.419625
8.386375
8.411125
8.389583
8.418417
8.372500
8.403542
8.375292
8.426000
8.386542
8.410500
8.373208
8.435917
8.390250
8.437084
8.390625
8.406375
8.398041
8.419500
8.394709
8.416583
8.398917
8.424667
8.384542
8.411208
8.391125
8.424625
8.389417
8.410000
8.387459
8.413542
8.391708
8.476250
8.381625
8.418208
8.386416
8.424750
8.372542
8.418166
8.390666
8.412833
8.413792
8.420709
8.389792
8.428333
8.394125
8.421708
8.394833
8.423666
8.392583
8.427458
8.498833
8.417208
8.404667
8.423208
8.377500
8.435708
8.399667
8.405458
8.398292
8.417791
8.399583
8.413708
8.394167
8.413125
8.413292
8.459208
8.446375
8.403042
8.439416
8.410250
8.417625
8.409209
8.433625
8.403583
8.388167
8.400375
8.402000
8.401667
8.409875
8.393042
8.404625
8.386583
8.397709
8.398917
8.417583
8.398625
8.411500
8.405250
8.406750
