10.033166
8.779375
8.725417
8.703000
8.699167
8.685334
8.681750
8.680708
8.668334
8.669167
8.653166
8.649125
8.661833
8.652000
8.646458
8.693916
8.651875
8.668875
8.660083
8.700000
8.660000
8.686042
8.649250
8.700416
8.646166
8.685958
8.655625
8.690792
8.673375
8.681167
8.650167
8.673041
8.691666
8.647334
8.654708
8.672625
8.676417
8.651667
8.685667
8.656583
8.688250
8.675458
8.680459
8.663792
8.683333
8.657291
8.689875
8.651125
8.693167
8.657292
8.683584
8.658250
8.685750
8.667750
8.690584
8.671792
8.671791
8.681625
8.651125
8.671792
8.666208
8.697875
8.657125
8.691292
8.654583
8.691458
8.652334
8.700750
8.702417
8.687292
8.660917
8.697209
8.666709
8.706084
8.745250
8.809417
8.711292
8.690875
8.675084
8.694542
8.687959
8.700833
8.678250
8.665291
8.770125
8.667541
8.689208
8.700500
8.691625
8.667625
8.704167
8.671666
8.695542
8.658500
8.696084
8.669500
8.751083
8.668875
8.706250
8.768750
8.703042
8.677917
8.699292
8.787459
8.852917
8.762250
8.689334
8.699834
8.684417
8.705708
8.678666
8.667292
8.682833
8.679542
8.668625
8.688334
8.675209
8.690125
8.671208
8.696875
8.687250
8.670084
8.678834
8.685125
8.683708
8.685458
8.676375
8.669333
8.699875
8.675834
8.683458
8.683125
8.808292
8.708625
8.730791
8.684084
8.708958
8.694500
8.699833
8.676959
8.710833
8.681959
8.732084
8.663291
8.723416
8.686792
8.713917
8.702750
8.695333
8.700667
8.687167
8.728792
8.685917
8.714583
8.695833
8.777125
8.683334
8.716625
8.679041
8.800750
8.685000
8.725125
8.685083
8.754250
8.698708
8.736166
8.681792
8.782125
8.694458
8.712500
8.729250
8.707625
8.720334
8.688750
8.721959
8.708667
8.721333
8.697958
8.726916
8.710292
8.714959
8.728542
8.735167
8.688167
8.728500
8.696250
8.729833
8.708541
8.742125
8.704584
8.731333
8.734292
8.718916
8.743000
8.714708
8.723125
8.734500
8.727333
8.715917
8.756084
8.735292
8.801875
8.710125
8.817958
8.748500
8.750500
8.725500
8.732375
8.716166
8.792291
8.729792
8.727084
8.757041
8.753083
8.712208
8.739208
8.751041
8.750625
8.895834
8.745541
8.724209
8.727916
8.726125
8.724917
8.735875
8.741875
8.729625
8.733584
8.727375
8.754416
8.777500
8.740125
8.731834
8.744875
8.731125
8.728000
8.731792
8.725292
8.723709
8.742000
8.762791
8.731584
8.743625
8.732291
8.741458
8.751875
8.735917
8.739084
8.746750
8.773291
8.731291
8.751083
8.736375
8.755791
8.790041
8.753417
9.777625
8.800125
8.767958
8.752291
8.763000
8.732417
8.763833
8.736583
8.784875
8.732042
8.754667
8.735208
8.773958
8.740375
8.752333
8.769375
8.785708
8.771166
8.777125
8.741792
8.746000
8.761125
8.739750
8.775042
8.741292
8.746458
8.735042
8.826500
8.724584
8.759041
8.714625
8.749916
8.762792
8.752083
8.746250
8.749458
8.768041
8.744625
8.766292
8.747084
8.771166
8.756750
8.826500
8.766208
8.766250
8.760417
8.766083
8.745833
8.771375
8.783209
8.786833
8.769625
8.747250
8.780125
8.764333
8.847708
8.749208
8.760959
8.750709
8.767125
8.763250
8.767291
8.760084
8.768791
8.757166
8.767167
8.757417
8.764625
8.752625
8.837167
8.740916
8.775666
8.762125
8.776625
8.803459
8.770542
8.771625
8.754875
8.778500
8.779416
8.754792
8.771708
8.759833
8.769042
8.772500
8.757250
8.781667
8.767000
8.798875
8.822500
8.764291
8.767417
8.765667
8.777167
8.782083
8.792125
8.767584
8.774292
8.813459
8.762375
8.773625
8.780292
8.789000
8.877167
8.783583
8.786667
8.767625
8.790000
8.765417
8.782708
8.776625
8.787250
8.807292
8.792083
8.781000
8.782625
8.789500
8.777083
8.825042
8.772792
8.801125
8.786417
8.784708
8.771917
8.817667
8.760958
8.791542
8.865792
8.804959
8.796958
8.782667
8.776250
8.783167
8.794042
8.782792
8.793584
8.775167
8.812542
8.774625
8.795000
8.800709
8.801250
8.817625
8.805833
