10.017792
8.791542
8.764709
8.690542
8.718333
8.664916
8.709417
8.635500
8.676167
8.689584
8.672916
8.669959
8.655959
8.648458
8.637000
8.639167
8.653208
8.634166
8.641083
8.634167
8.632083
8.653125
8.636541
8.640375
8.644250
8.643917
8.635750
8.642250
8.646042
8.638875
8.649292
8.642542
8.641166
8.647583
8.633792
8.672791
8.657459
8.637916
8.645750
8.646291
8.666625
8.652375
8.670583
8.656792
8.724000
8.680250
8.663834
8.676666
8.671417
8.652792
8.691166
8.664292
8.685750
8.683625
8.766042
8.669834
8.689375
8.694916
8.739708
8.646625
8.715459
8.681667
8.741458
8.687125
8.669375
8.681167
8.688833
8.676000
8.730292
8.718042
8.813125
8.713500
8.717375
8.694041
8.661667
8.716125
8.668000
8.699042
8.666959
8.675292
8.747625
8.707792
8.669125
8.713917
8.682250
8.697500
8.675541
8.677167
8.693792
8.680542
8.680833
8.673209
8.687083
8.691125
8.682709
8.668916
8.678541
8.683917
8.805292
8.917709
8.746292
8.700833
8.681541
8.696000
8.694000
8.667958
8.694750
8.711291
8.702166
8.769750
8.687333
8.692583
8.687500
8.798042
8.706792
8.706250
8.703375
8.785541
8.663833
8.773541
8.700875
8.706375
8.683458
8.700500
8.668291
8.735208
8.680958
8.849541
8.759666
8.682750
8.690666
8.699167
8.686792
8.681583
8.679500
8.695167
8.690042
8.683416
8.689000
8.706083
8.761375
8.697875
8.688750
8.740542
8.710584
8.694833
8.691542
8.680084
8.674041
8.705458
8.687750
8.681333
8.681500
8.702750
8.738000
8.716208
8.678667
8.787417
8.705583
8.692250
8.690250
8.703792
8.705666
8.696625
8.696458
8.722708
8.692417
8.706292
8.703208
8.710750
8.699500
8.711042
8.684208
8.716500
8.704541
8.723833
8.710125
8.715250
8.773625
8.705792
8.702458
8.710834
8.715125
8.708167
8.719833
8.705917
8.707125
8.724750
8.715333
8.695583
8.704000
8.721667
8.726166
8.692167
8.718834
8.708666
8.752041
8.711541
8.708666
8.716542
8.717958
8.714958
8.712750
8.731083
8.708000
8.707417
8.725708
8.720209
8.719959
8.727834
8.713083
8.728458
8.705875
8.716625
8.720250
8.716792
8.700791
8.719834
8.714792
8.715250
8.813500
8.711500
8.727333
8.800750
8.734959
8.708667
8.724167
8.726292
8.734584
8.707709
8.732083
8.733208
8.736125
8.727708
8.811709
8.712666
8.724084
8.736791
8.721792
8.729250
8.733583
8.728167
8.728000
8.703833
8.718000
8.722833
8.733750
8.711541
8.715042
8.734833
8.750542
8.713917
8.735291
8.719250
8.742209
8.803625
9.701375
8.758291
8.755958
8.742583
8.853875
8.727416
8.753292
8.726667
8.744916
8.738500
8.716584
8.736667
8.717167
8.735542
8.752333
8.735208
8.731125
8.720625
8.738167
8.724292
8.724542
8.745125
8.744958
8.734083
8.730334
8.737000
8.738750
8.741416
8.728584
8.735417
8.722292
8.749375
8.768000
8.748875
8.736625
8.752208
8.721416
8.764208
8.726083
8.744958
8.748167
8.746334
8.726583
8.759042
8.769584
8.731916
8.744333
8.740083
8.743708
8.742750
8.768750
8.736959
8.795125
8.750833
8.774000
8.730125
8.742792
8.734792
8.753458
8.757125
8.739583
8.752500
8.755500
8.749042
8.766333
8.756458
8.746000
8.775709
8.767458
8.755334
8.790583
8.757333
8.748625
8.761458
8.748541
8.751458
8.752541
8.837250
8.736542
8.745958
8.760084
8.756250
8.790833
8.756625
8.787459
8.761167
8.766333
8.743125
8.762125
8.767750
8.761833
8.749834
8.757584
8.752042
8.764250
8.756916
8.839166
8.757000
8.782958
8.755666
8.776584
8.904000
8.749500
8.756666
8.775500
8.934583
8.802500
8.804292
8.804125
8.900084
8.800459
8.764000
8.792625
8.780584
8.772959
8.758042
8.759792
8.798709
9.051375
8.999000
9.039583
8.993000
8.924708
9.098417
9.101958
9.095625
9.042667
9.157042
9.124916
9.120583
9.262875
9.372875
9.693708
9.351125
9.027167
9.208458
9.015000
8.993500
8.924208
9.073042
9.861667
9.056084
9.036750
9.066916
