25.400250
8.762833
8.609292
8.587083
8.550541
8.566750
8.567584
8.375834
8.567959
8.559750
8.492166
8.429958
8.567375
8.442791
8.414167
8.449500
8.418375
8.547208
8.459291
8.558417
8.505166
8.364833
8.399583
8.448375
8.443916
8.423500
8.375209
8.439250
8.398500
8.437917
8.438167
8.573375
8.481208
8.368292
8.380166
8.398000
8.465125
8.403291
8.331917
8.457500
8.390958
8.486000
8.506000
8.404291
8.481541
8.342125
8.440875
8.385792
8.494708
8.477625
8.477250
8.435333
8.419417
8.375333
8.342208
8.485541
8.417709
8.589167
8.555417
8.486250
8.377125
8.370000
8.380083
8.408792
8.441333
8.411959
8.549125
8.352084
8.356959
8.371709
8.391625
8.436625
8.467584
8.440083
8.510917
8.372959
8.365625
8.458209
8.409042
8.448084
8.377292
8.393667
8.481500
8.387584
8.460083
8.332833
8.451375
8.493083
8.800959
8.445750
8.382375
8.413667
8.489416
8.379500
8.430167
8.483791
8.350834
8.396458
8.365667
8.420125
8.405625
8.447000
8.433875
8.435083
8.527000
8.449416
8.427875
8.494250
8.408458
8.398792
8.355833
8.366583
8.461125
8.457084
8.370500
8.409791
8.413375
8.453708
8.721000
8.423833
8.437500
8.360208
8.436958
8.427917
8.405458
8.430667
8.426209
8.422125
8.376500
8.358625
8.485709
8.439583
8.507250
8.374834
8.418583
8.392500
8.376333
8.381542
8.330709
8.425833
8.470291
8.450417
8.390208
8.375667
8.466584
8.416292
8.394291
8.432792
8.353667
8.455000
8.416417
8.444417
8.391625
8.367375
8.428083
8.503125
8.374709
8.412000
8.398708
8.438958
8.446500
8.550333
8.399000
8.367417
8.467750
8.388625
8.417833
8.385000
8.385166
8.457333
8.357500
8.423083
8.452167
8.419459
8.439834
8.421000
8.449167
8.367792
8.462459
8.490958
8.375334
8.449417
8.472792
8.393334
8.511583
8.459750
8.502833
8.417708
8.545916
8.408416
8.416042
8.489250
8.454334
8.411334
8.412209
8.473625
8.446750
8.439083
8.398750
8.440084
8.462959
8.379875
8.437833
8.431167
8.379959
8.536292
8.418333
8.409750
8.450292
8.429291
8.409125
8.459000
8.427000
8.377916
8.427917
8.422708
8.458583
8.397167
8.500458
8.517083
8.477042
8.462084
8.388000
8.388959
8.491584
8.419500
8.429042
8.421792
8.394042
8.511209
8.444958
8.457416
8.455667
8.453417
8.479041
8.416166
8.434375
8.423125
8.381167
8.452583
8.410417
8.414834
8.508292
8.454791
8.418959
8.391125
8.407917
8.382542
8.425708
8.410459
8.424667
8.411667
8.407875
8.393666
8.523833
8.432791
9.502666
8.449792
8.561750
8.453666
8.463875
8.439333
8.492708
8.460458
8.494292
8.463750
8.533541
8.568916
8.590167
8.527542
8.528917
8.514209
8.501875
8.515041
8.585166
8.495083
8.557500
8.478417
8.511416
8.517333
8.562584
8.513208
8.582250
8.540625
8.609000
8.591000
8.497792
8.478750
8.451667
8.489709
8.470417
8.497000
8.467291
8.479375
8.453250
8.489791
8.454500
8.512333
8.459375
8.560708
8.393541
8.441542
8.389500
8.424250
8.406750
8.407125
8.387708
8.440584
8.377958
8.402875
8.375125
8.406125
8.369708
8.407583
8.372792
8.413250
8.380042
8.441583
8.371542
8.421250
8.381083
8.447666
8.394750
8.417292
8.377458
8.422542
8.375667
8.414583
8.386167
8.414000
8.388708
8.406667
8.378042
8.407500
8.379417
8.486375
8.370500
8.536583
8.377458
8.456083
8.369208
8.415166
8.375208
8.409791
8.378625
8.432834
8.388083
8.417875
8.380916
8.415250
8.382125
8.431500
8.403166
8.420167
8.385750
8.415708
8.376208
8.452708
8.414625
8.413375
8.428709
8.429666
8.383625
8.418167
8.391916
8.409792
8.396250
8.419375
8.399958
8.422375
8.388292
8.393333
8.397584
8.403083
8.383375
8.391334
8.395625
8.392292
8.398375
8.389708
8.407750
8.397500
8.408417
8.373625
8.394334
8.399084
8.397166
8.412166
8.414334
8.392708
8.421834
8.399083
8.400667
8.400666
8.414000
8.426792
8.409208
8.403625
8.453250
8.416208
