10.058667
8.814000
8.683709
8.701667
8.654417
8.695375
8.696666
8.690542
8.647667
8.688917
8.661209
8.671125
8.636500
8.660667
8.649333
8.652333
8.640208
8.645250
8.629500
8.644125
8.661542
8.650541
8.643750
8.650875
8.642583
8.704667
8.639291
8.644208
8.639166
8.637834
8.641417
8.653875
8.654417
8.653000
8.643166
8.644584
8.651042
8.640625
8.684916
8.647500
8.672125
8.646917
8.678166
8.654792
8.669167
8.640791
8.663917
8.665458
8.665125
8.674417
8.651334
8.673917
8.648625
8.699208
8.655875
8.682791
8.657833
8.675959
8.645875
8.678250
8.643542
8.679333
8.650375
8.681500
8.643125
8.678875
8.662917
8.690833
8.672708
8.674459
8.652958
8.682000
8.690208
8.661417
8.695083
8.646542
8.676208
8.668292
8.681625
8.656291
8.689208
8.645000
8.752292
8.977250
8.746292
8.674959
8.697375
8.661417
8.684500
8.668042
8.688125
8.653750
8.704834
8.637125
8.673667
8.672125
8.680416
8.710083
8.657125
8.707917
8.677792
8.682875
8.699042
8.678625
8.664042
8.704041
8.661084
8.725917
8.661375
8.686166
8.662542
8.769875
8.842083
8.752125
8.679000
8.700000
8.652708
8.690583
8.698041
8.687667
8.688500
8.663000
8.709375
8.675875
8.694875
8.670041
8.701000
8.677625
8.669750
8.666542
8.662375
8.665292
8.662792
8.671334
8.673334
8.670416
8.691750
8.668875
8.766375
8.667917
8.728833
8.688417
8.680250
8.675209
8.668541
8.682875
8.668542
8.683333
8.669209
8.685417
8.700542
8.668209
8.675125
8.715541
8.680167
8.701750
8.716000
8.765333
8.675083
8.724417
8.674500
8.800417
8.685958
8.703708
8.704584
8.697000
8.701125
8.700583
8.696750
8.698542
8.723916
8.693792
8.707917
8.690875
8.711542
8.684791
8.722250
8.687666
8.717959
8.682750
8.707750
8.681958
8.744000
8.680708
8.727583
8.684792
8.699375
8.708292
8.695458
8.702625
8.684666
8.705167
8.697208
8.708708
8.691125
8.719000
8.700208
8.726333
8.694542
8.721750
8.700625
8.713583
8.707416
8.711791
8.687666
8.743167
8.687625
8.707500
8.702583
8.710542
8.716500
8.704709
8.711041
8.694584
8.722542
8.701375
8.703916
8.694333
8.722833
8.695208
8.721833
8.693916
8.728167
8.719375
8.735792
8.679792
8.743375
8.698667
8.749458
8.685334
8.724375
8.728959
8.716083
8.721458
8.710208
8.717333
8.705833
8.719125
8.703292
8.733583
8.713750
8.751958
8.702333
8.721417
8.704125
8.716417
8.701834
8.718000
8.709750
8.704625
8.707542
8.735292
8.704334
8.696417
8.702375
8.736375
9.571792
8.777416
8.711792
8.704708
8.712250
8.709000
8.713125
8.699916
8.703625
8.700583
8.717292
8.718792
8.742333
8.710208
8.754000
8.709875
8.719334
8.751750
8.994833
8.911500
8.800750
8.804750
8.721834
8.735458
8.702875
8.731792
8.705500
8.736875
8.703667
8.731542
8.696542
8.744041
8.804167
8.763667
8.717416
8.738709
8.731375
8.734542
8.744042
8.796208
8.777292
8.755875
8.767875
8.756708
8.777834
8.749542
8.776583
8.713208
8.755459
8.728458
8.748208
8.723042
8.748041
8.716208
8.748292
8.730375
8.739500
8.744042
8.727083
8.745625
8.723958
8.755167
8.731292
8.770875
8.737667
8.752459
8.721250
8.775291
8.729958
8.764875
8.726000
8.750250
8.723042
8.811958
8.728083
8.746916
8.746625
8.729084
8.741917
8.732917
8.754416
8.738000
8.762875
8.735834
8.751291
8.725667
8.768042
8.725583
8.761458
8.720542
8.755958
8.730458
8.762667
8.726375
8.772083
8.734750
8.764750
8.745791
8.744375
8.755500
8.737583
8.750583
8.739458
8.750583
8.747458
8.736541
8.725375
8.767250
8.736000
8.756917
8.741917
8.754667
8.754917
8.762458
8.729500
8.755667
8.739250
8.767750
8.743125
8.736583
8.751666
8.757208
8.772875
8.750583
8.754375
8.740792
8.771334
8.749209
8.787541
8.739791
8.770125
8.758750
8.798375
8.739083
8.801917
8.762666
8.782333
8.772500
8.769458
8.782583
9.004375
8.955083
8.819209
8.809459
