24.518875
8.882667
8.686375
8.697917
8.656875
8.679584
8.640583
8.688167
8.650041
8.700833
8.641208
8.666083
8.653834
8.763458
8.645667
8.681833
8.651458
8.688708
8.648250
8.660166
8.658791
8.643542
8.658250
8.653542
8.661375
8.638041
8.670208
8.641583
8.679709
8.642916
8.672167
8.645750
8.686042
8.655417
8.659000
8.641459
8.689167
8.645709
8.675042
8.634292
8.769167
8.646292
8.683834
8.639917
8.646917
8.669834
8.665167
8.668541
8.657084
8.678792
8.652500
8.681625
8.649042
8.689125
8.650542
8.675042
8.697250
8.718334
8.640042
8.719125
8.650833
8.770416
8.653458
8.695000
8.650083
8.682875
8.643083
8.697042
8.655916
8.661291
8.687791
8.669791
8.683125
8.654000
8.680125
8.643209
8.684917
8.648625
8.686542
8.650625
8.664333
8.663458
8.672542
8.663709
8.659958
8.688500
8.861500
8.708667
8.678875
8.651208
8.678583
8.656209
8.670666
8.647333
8.660291
8.648709
8.656500
8.662500
8.657042
8.701708
8.642084
8.666750
8.667916
8.680417
8.672708
8.699500
8.691833
8.702417
8.659291
8.702792
8.662500
8.709958
8.650042
8.714416
8.725250
9.347666
8.759041
8.699292
8.703542
8.694083
8.695833
8.673334
8.689708
8.672791
8.695416
8.686125
8.917208
8.724583
8.710958
8.679375
8.732500
8.675541
8.694125
8.678666
8.803916
8.670584
8.702208
8.723250
8.690041
8.706250
8.682791
8.702834
8.671125
8.711250
8.679917
8.702417
8.679709
8.701500
8.687959
8.707792
8.672208
8.692500
8.690417
8.716333
8.671083
8.713583
8.669917
8.744000
8.680541
8.697125
8.722667
8.680917
8.707667
8.687166
8.699458
8.685958
8.705125
8.686416
8.719041
8.697417
8.706542
8.676500
8.706333
8.683000
8.705875
8.698667
8.745834
8.695125
8.729000
8.698750
8.715125
8.679250
8.707125
8.713958
8.695917
8.712042
8.702042
8.707084
8.688791
8.709292
8.680042
8.714083
8.679958
8.703500
8.696291
8.705042
8.691791
8.705084
8.704125
8.690917
8.690500
8.686250
8.683708
8.696583
8.696167
8.686667
8.699625
8.695458
8.682417
8.688959
8.693958
8.706209
8.713083
8.694625
8.715208
8.691416
8.705250
8.688708
8.691041
8.690250
8.732292
8.706958
8.727667
8.675708
8.728958
8.697750
8.728708
8.700375
8.729292
8.724375
8.714917
8.728125
8.699958
8.783125
8.706292
8.724667
8.701500
8.738458
8.703875
8.741500
8.713666
8.748084
8.718875
8.763583
8.757583
8.718500
8.706500
8.748000
8.709209
8.731167
8.744708
8.728292
8.729708
8.737500
8.766209
8.727500
9.778417
8.767125
8.755459
8.726792
8.742000
8.718875
8.731666
8.712875
8.729000
8.765875
8.769000
8.752542
8.717167
8.722208
8.720291
8.764375
8.745333
8.743375
8.725583
8.732125
8.722667
8.873667
8.718250
8.736292
8.745334
8.743500
8.733292
8.751500
8.715042
8.753209
8.717292
8.781666
8.774083
8.781125
8.742667
8.738375
8.744125
8.741542
8.772000
8.752875
8.739541
8.736792
8.765042
8.747750
8.752959
8.750750
8.766625
8.743125
8.747292
8.731084
8.757208
8.741875
8.743083
8.739875
8.745709
8.739709
8.764375
8.734375
8.736416
8.747834
8.758500
8.801500
8.747417
8.745500
8.816584
8.749208
8.739333
8.762167
8.752500
8.742542
8.735416
8.761250
8.739583
8.763209
8.759125
8.751458
8.751625
8.745042
8.770833
8.763666
8.780333
8.741166
8.764792
8.738875
8.768791
8.746167
8.761500
8.852208
8.766750
8.731625
8.801375
8.838250
8.763583
8.764709
8.761083
8.759250
8.738709
8.761750
8.749458
8.783625
8.744917
8.853167
8.758834
8.863000
8.743875
8.771042
8.765166
8.772292
8.765125
8.796042
8.760584
8.777500
8.767583
8.753500
8.782000
8.765375
8.843666
8.792500
8.780666
8.774167
8.768959
8.767166
8.767292
8.770042
8.763750
8.768458
8.788375
8.772750
8.779750
8.761917
8.775709
8.775125
8.746042
8.775458
8.769167
8.823625
8.774292
8.820041
8.765000
8.769834
8.773083
8.770875
8.771042
8.785291
