10.080167
8.714625
8.432083
8.374958
8.623500
8.590875
8.495125
8.630750
8.546333
8.555500
8.531041
8.480042
8.537375
8.582542
8.493375
8.388084
8.452625
8.437750
8.460459
8.402166
8.472833
8.426250
8.381042
8.413709
8.449750
8.474083
8.468500
8.411584
8.379333
8.332583
8.429125
8.558125
8.412666
8.437750
8.422959
8.362667
8.390708
8.401208
8.357125
8.477875
8.353583
8.421250
8.325792
8.341541
8.363542
8.378833
8.420208
8.422375
8.415375
8.468375
8.494417
8.496500
8.466000
8.425792
8.418791
8.466667
8.406584
8.459459
8.496125
8.448875
8.421875
8.479167
8.571750
8.505791
8.476125
8.461333
8.519083
8.484000
8.540417
8.469625
8.483834
8.495833
8.363292
8.390167
8.369917
8.406083
8.401792
8.407708
8.403459
8.400416
8.382291
8.416417
9.384000
10.110959
8.635709
8.819208
8.846625
8.636333
8.495292
8.767458
8.690083
8.893167
8.491250
8.563584
8.709916
8.717125
8.616667
8.549084
8.683459
8.607250
8.698375
8.519250
8.594000
8.641542
8.694834
8.501250
8.699167
8.742959
8.754833
8.644542
8.696625
8.596000
8.700709
8.665625
8.584542
8.729167
8.776000
8.566125
8.796333
8.681959
8.786041
8.777875
8.650250
8.717459
8.661834
8.378333
8.475042
8.652417
8.671625
8.483917
8.714625
8.707875
8.639083
8.733458
8.732875
8.562000
8.629208
8.613834
8.665666
8.424166
8.452458
8.671125
8.677000
8.712792
8.670625
8.634292
8.558666
8.502959
8.726833
8.595792
8.421041
8.634250
8.638791
8.568167
8.569417
8.413500
8.434625
8.472792
8.591667
8.630834
8.445250
8.674917
8.461708
8.347584
8.355875
8.365334
8.435750
8.434708
8.452584
8.354792
8.582459
8.573458
8.401584
8.456208
8.646250
8.846542
8.390667
8.357583
8.377125
8.515792
8.417125
8.466167
8.479125
8.464166
8.600542
8.456750
8.621667
8.593292
8.445541
8.515167
8.424042
8.489000
8.349917
8.625542
8.554667
8.603500
8.374125
8.359792
8.391709
8.411125
8.343625
8.386583
8.347500
8.388458
8.359167
8.393041
8.350958
8.441292
8.390250
8.388958
8.340917
8.380458
8.338375
8.389375
8.337167
8.398459
8.341917
8.386375
8.354041
8.384084
8.342459
8.500000
8.352292
8.388625
8.364667
8.399750
8.358750
8.393875
8.365417
8.402083
8.363959
8.397125
8.368000
8.375542
8.373417
8.404625
8.350417
8.406625
8.362083
8.404000
8.354917
8.364500
8.369583
8.373208
8.358125
8.366333
8.365667
8.378708
8.364958
8.365583
8.358000
8.376583
8.349750
8.428291
8.433916
8.377208
9.174917
8.407750
8.375208
8.382500
8.374917
8.377334
8.357791
8.370583
8.382917
8.358042
8.400708
8.409792
8.403375
8.390291
8.414708
8.390000
8.462125
8.405334
8.401125
8.383708
8.418167
8.373834
8.394708
8.372167
8.394125
8.381917
8.428458
8.375959
8.406167
8.389750
8.399917
8.362500
8.410875
8.377750
8.431417
8.382791
8.401958
8.379792
8.417125
8.370792
8.412916
8.375833
8.427208
8.372417
8.415833
8.385625
8.418709
8.380208
8.427458
8.399291
8.417958
8.408416
8.463125
8.388875
8.435000
8.395958
8.410542
8.383666
8.417750
8.380125
8.428333
8.380375
8.424667
8.383208
8.425500
8.396708
8.424625
8.377375
8.430416
8.379583
8.478292
8.388500
8.446500
8.386833
8.413917
8.377417
8.419541
8.384042
8.519583
8.391875
8.406250
8.378292
8.436584
8.383417
8.422667
8.600000
8.516833
8.416459
8.443291
8.378625
8.430083
8.409542
8.443625
8.431542
8.425250
8.411417
8.454625
8.392209
8.514292
8.410458
8.426833
8.390834
8.459125
8.387167
8.394084
8.406292
8.390500
8.390250
8.407542
8.423334
8.399708
8.404459
8.414542
8.404666
8.395042
8.392125
8.393167
8.410333
8.440625
8.409542
8.389750
8.393666
8.410833
8.395375
8.395500
8.402500
8.393292
8.413250
8.416834
8.437250
8.430709
8.426417
8.408250
8.432708
8.400459
8.431125
8.412416
8.438500
8.407625
8.445958
8.405875
8.432541
8.413125
8.434875
