9.321958
8.341375
8.281458
8.289333
8.271750
8.248333
8.248291
8.294625
8.233250
8.264000
8.266542
8.239291
8.259708
8.241084
8.270000
8.253541
8.254375
8.243083
8.272334
8.279042
8.254458
8.237667
8.253083
8.279000
8.251250
8.237375
8.262042
8.244125
8.289292
8.244500
8.261500
8.236458
8.259917
8.298916
8.266875
8.245666
8.273708
8.243875
8.263459
8.267125
8.261292
8.252417
8.279375
8.272584
8.258875
8.241042
8.222791
8.225791
8.279792
8.237667
8.247958
8.254750
8.285584
8.239667
8.276958
8.251792
8.284875
8.256875
8.283292
8.239709
8.265417
8.254791
8.284125
8.229833
8.287833
8.251209
8.267625
8.236834
8.295458
8.229167
8.329583
8.215833
8.286208
8.234292
8.281625
8.226208
8.299333
8.231000
8.309334
8.216375
8.298792
8.261917
8.289375
8.225375
8.280542
8.201416
8.312792
8.319375
8.330792
8.227125
8.318250
8.216958
8.286709
8.317834
8.295917
8.257584
8.295500
8.249000
8.290541
8.206083
8.299834
8.260708
8.308042
8.254792
8.288750
8.242208
8.291792
8.284000
8.280208
8.268833
8.312750
8.263375
8.278708
8.294750
8.285000
8.260083
8.241167
8.297834
8.337375
8.308417
8.276000
8.261542
8.269625
8.273583
8.294833
8.261958
8.299625
8.288750
8.289584
8.271958
8.281625
8.283042
8.286000
8.348333
8.300375
8.361625
8.309208
8.356958
8.332500
8.328917
8.296000
8.375208
8.313167
8.339708
8.321583
8.355250
8.264584
8.399792
8.326250
8.357542
8.348208
8.340250
8.330917
8.334500
8.334708
8.326584
8.346292
8.283291
8.315958
8.339000
8.315000
8.344125
8.324708
8.347833
8.315125
8.349333
8.335042
8.332250
8.329458
8.336625
8.328791
8.332709
8.338000
8.330834
8.326584
8.333500
8.324209
8.338334
8.329500
8.344166
8.317958
8.332208
8.314334
8.363375
8.330750
8.335542
8.313709
8.351125
8.331209
8.328959
8.339459
8.319875
8.324167
8.339875
8.332834
8.329375
8.398500
8.288916
8.345917
8.316041
8.350667
8.436292
8.246500
8.303291
8.220834
8.108083
8.151875
8.403083
8.403041
8.328708
8.326375
8.333209
8.342041
8.315042
8.326375
8.335458
8.362208
8.308750
8.336625
8.307459
8.333875
8.306584
8.312041
8.314500
8.312250
8.304875
8.331875
8.306375
8.364625
8.322834
8.330166
8.311416
8.304292
8.371834
8.345500
8.306000
8.313208
8.306875
8.366166
8.346833
8.335916
8.299792
8.340292
8.324458
8.336250
8.308834
8.335417
8.345458
8.354875
8.321417
8.357083
8.307916
8.368584
8.328708
8.331792
8.324000
9.007375
8.412791
8.399416
8.320250
8.364416
8.308583
8.358208
8.288625
8.360542
8.300917
8.366833
8.313750
8.351708
8.306792
8.347917
8.325875
8.348000
8.332167
8.350459
8.302250
8.353625
8.311875
8.354334
8.312917
8.344333
8.340916
8.360417
8.323709
8.355375
8.334709
8.359250
8.314250
8.410125
8.299042
8.354000
8.314458
8.352541
8.308959
8.396084
8.302416
8.344958
8.315500
8.364583
8.347334
8.351333
8.317917
8.347791
8.315250
8.346250
8.327959
8.354084
8.325708
8.333292
8.318833
8.350125
8.276958
8.358792
8.322792
8.359584
8.355792
8.333333
8.314333
8.354125
8.339291
8.358209
8.309542
8.358833
8.313083
8.335083
8.321958
8.376125
8.349458
8.504542
8.529875
8.499750
8.486792
8.527625
8.549542
8.486958
8.481292
8.501208
8.461208
8.468708
8.485583
8.506083
8.498417
8.342708
8.316792
8.374625
8.325625
8.373667
8.356291
8.360042
8.361750
8.367583
8.339708
8.375167
8.359042
8.376834
8.374750
8.358000
8.333583
8.377500
8.343917
8.371167
8.365417
8.355875
8.361459
8.377125
8.328709
8.367875
8.342459
8.369125
8.355542
8.386375
8.380000
8.397875
8.372875
8.375708
8.344833
8.365834
8.356292
8.384667
8.339125
8.387334
8.358458
8.403125
8.302500
8.427958
8.371334
8.374708
8.380792
8.390500
8.373791
8.383500
8.362500
8.387833
8.394875
8.384417
8.370541
8.400167
8.371458
8.392375
8.359500
