9.440042
8.376250
8.326833
8.280208
8.275625
8.263500
8.264417
8.243375
8.269958
8.200875
8.277375
8.251875
8.271250
8.267084
8.256000
8.254042
8.274625
8.243792
8.267542
8.231875
8.271042
8.253333
8.284792
8.234167
8.281167
8.246542
8.264625
8.245292
8.263625
8.296000
8.284416
8.246958
8.271292
8.242000
8.247792
8.252750
8.244708
8.251208
8.277209
8.253041
8.265250
8.242625
8.272292
8.194042
8.276709
8.241417
8.277625
8.237667
8.268958
8.242542
8.262459
8.214209
8.306625
8.194458
8.293000
8.220375
8.272709
8.205584
8.281667
8.214208
8.279583
8.223916
8.301416
8.210542
8.257750
8.224125
8.207458
8.222542
8.275750
8.225041
8.287375
8.257334
8.300041
8.254291
8.294167
8.229500
8.264625
8.263125
8.276875
8.243708
8.285500
8.255875
8.293792
8.246958
8.283958
8.359208
8.360875
8.280833
8.325125
8.274584
8.334458
8.255084
8.359042
8.303791
8.298875
8.273375
8.311417
8.304125
8.325000
8.334250
8.286833
8.371291
8.305875
8.354000
8.292084
8.372541
8.311042
8.349125
8.294834
8.241875
8.287875
8.282792
8.389917
8.286833
8.334292
8.304166
8.487209
8.306333
8.337833
8.270292
8.340500
8.232208
8.258375
8.247709
8.271916
8.258042
8.174708
8.167291
8.133000
8.266541
8.332250
8.318375
8.321416
8.294000
8.372833
8.290709
8.292209
8.255750
8.384792
8.282875
8.389750
8.292500
8.383125
8.296833
8.232834
8.406708
8.340458
8.288458
8.330209
8.312208
8.307833
8.300791
8.302292
8.298458
8.311041
8.270750
8.313958
8.292083
8.333958
8.286208
8.296250
8.311000
8.297375
8.309917
8.297916
8.313500
8.296250
8.325083
8.327084
8.310833
8.311083
8.300834
8.325250
8.311959
8.314000
8.303834
8.311833
8.316875
8.300500
8.283416
8.228458
8.326875
8.324667
8.326333
8.298042
8.304375
8.294125
8.247542
8.309000
8.323709
8.330750
8.321041
8.317542
8.285041
8.318292
8.297458
8.300167
8.303166
8.251667
8.318750
8.314000
8.329375
8.349834
8.301250
8.350208
8.304250
8.342458
8.316166
8.273792
8.307500
8.327208
8.309458
8.314708
8.299792
8.228584
9.018792
8.450917
8.777500
8.447333
8.349125
8.393583
8.310333
8.425166
8.344959
8.534417
8.362417
8.551334
8.321291
8.488000
8.320542
8.572833
8.338833
8.531667
8.322250
8.402084
8.329667
8.430750
8.345375
8.415291
8.314625
8.461666
8.294666
8.455875
8.279875
8.703500
8.352834
8.421959
8.263125
8.398667
8.330292
8.417875
8.340666
8.480500
8.339750
8.440750
8.331958
9.156500
8.360917
8.394875
8.341959
8.676125
8.380083
8.417750
8.339584
8.298292
8.369583
8.272917
8.257125
8.371208
8.339708
8.433708
8.562042
8.484708
8.305000
8.281708
8.212084
8.264000
8.192875
8.238625
8.142708
8.243042
8.218583
8.249917
8.131500
8.233333
8.177500
8.229834
8.176417
8.255750
8.148209
8.244125
8.103167
8.255750
8.202417
8.242958
8.142625
8.229250
8.113167
8.247917
8.120750
8.267709
8.109292
8.462583
8.128375
8.244500
8.092042
8.269791
8.093584
8.244000
8.102042
8.257291
8.109917
8.296333
8.141041
8.277000
8.105667
8.269833
8.104875
8.284625
8.110125
8.322750
8.132583
8.253000
8.140000
8.363125
8.124459
8.344000
8.148042
8.296167
8.141792
8.238916
8.142541
8.256958
8.116583
8.310125
8.131416
8.210667
8.177625
8.180917
8.248500
8.219958
8.248333
8.213542
8.254541
8.140542
8.212333
8.152750
8.218750
8.163417
8.216417
8.127250
8.234042
8.108500
8.229958
8.152250
8.260167
8.146375
8.239167
8.140042
8.332625
8.140958
8.283042
8.129209
8.363625
8.141917
8.237542
8.139458
8.266750
8.139625
8.400958
8.136542
8.472625
8.141542
8.316958
8.138083
8.319000
8.133125
8.308917
8.178375
8.296166
8.126625
8.325209
8.167041
8.302583
8.161916
8.303666
8.166125
8.300416
8.167417
8.447583
8.359208
8.519917
8.400541
8.409208
8.207208
8.446500
8.288375
8.374375
8.257834
8.358709
