19.514959
10.407625
9.709834
8.527500
8.419791
8.292542
8.280666
8.313375
8.254959
8.212042
8.259167
8.168334
8.186625
8.144791
8.231667
8.189083
8.200458
8.210334
8.207667
8.207667
8.240875
8.204958
8.238042
8.226208
8.265292
8.253166
8.264500
8.255583
8.250958
8.205416
8.240791
8.214125
8.250958
8.250041
8.239083
8.247708
8.238375
8.232709
8.261042
8.257167
8.250084
8.264208
8.274250
8.251250
8.267125
8.260208
8.263667
8.250000
8.301083
8.262875
8.257417
8.243209
8.277250
8.203709
8.331000
8.256250
8.296958
8.266375
8.301042
8.247333
8.261334
8.267125
8.288625
8.319000
8.254334
8.274459
8.260709
8.230625
8.436750
8.270208
8.303875
8.289250
8.294291
8.285500
8.265750
8.266333
8.361459
8.265083
8.314834
8.296166
8.283291
8.275000
8.335666
8.306541
8.289958
8.255875
8.299875
8.282875
8.271625
8.288875
8.262000
8.279042
8.282791
8.269292
8.265958
8.245125
8.305542
8.241042
8.289083
8.423333
8.313208
8.281958
8.309417
8.300208
8.265375
8.292375
8.294416
8.298083
8.289583
8.299875
8.306833
8.291208
8.224666
8.257625
8.255625
8.265333
8.306792
8.291000
8.279500
8.301417
8.259167
8.274667
8.268583
8.300666
8.281125
8.306166
8.255792
8.279167
8.271208
8.299666
8.421667
8.316791
8.274083
8.316708
8.258500
8.306375
8.243417
8.314750
8.286542
8.267084
8.286208
8.310500
8.270750
8.296500
8.242500
8.320334
8.267542
8.294333
8.256917
8.299125
8.296583
8.273208
8.286708
8.283833
8.334625
8.305083
8.311958
8.296500
8.284750
8.318667
8.309541
8.305083
8.287500
8.315125
8.293791
8.305334
8.310375
8.299792
8.319334
8.264000
8.313959
8.293542
8.296750
8.302000
8.318583
8.286833
8.312542
8.338833
8.333083
8.322125
8.363083
8.306250
8.314583
8.328625
8.330458
8.326375
8.309791
8.323833
8.320750
8.332167
8.335459
8.348875
8.321750
8.335916
8.323125
8.308541
8.331917
8.301333
8.360125
8.318000
8.355167
8.374458
8.375208
8.340791
8.311250
8.337542
8.324584
8.334791
8.306458
8.321500
8.321375
8.317167
8.323125
8.315167
8.332083
8.300250
8.304709
8.358166
8.295833
8.334167
8.326000
8.326541
8.322750
8.321084
8.331166
8.332583
8.355791
8.335208
8.313416
8.294208
8.333333
8.343834
8.326667
8.260583
8.311458
8.340291
8.310459
8.321542
8.313041
8.346875
8.321708
8.338875
8.348125
8.320542
8.336375
8.328167
8.336709
8.330208
8.364416
8.367791
8.324000
8.355125
8.332500
8.390875
8.344291
8.331125
8.987875
8.406958
8.342958
8.335709
8.326417
8.316250
8.330417
8.368875
8.309083
8.371500
8.300000
8.364542
8.318625
8.332209
8.332500
8.332084
8.333292
8.325875
8.314834
8.374417
8.344750
8.333333
8.319208
8.321583
8.332834
8.303209
8.328375
8.301833
8.316542
8.309250
8.325541
8.315375
8.325208
8.333833
8.337625
8.327250
8.315875
8.322459
8.323125
8.328917
8.323958
8.328375
8.317959
8.377084
8.323958
8.359334
8.311708
8.356625
8.342792
8.368417
8.339209
8.330250
8.333167
8.342667
8.335375
8.355125
8.333417
8.345625
8.337708
8.364167
8.321542
8.344958
8.329417
8.356000
8.317042
8.366500
8.330458
8.355458
8.320125
8.353625
8.329625
8.344041
8.332084
8.335625
8.330167
8.356250
8.308709
8.370083
8.333292
8.339334
8.334584
8.372291
8.312542
8.339333
8.326792
8.361125
8.325417
8.348583
8.332583
8.346458
8.301708
8.370084
8.321459
8.361292
8.320750
8.379917
8.325375
8.326458
8.316417
8.367292
8.321334
8.371458
8.347417
8.350709
8.325833
8.382875
8.328959
8.382375
8.336542
8.357041
8.352458
8.358750
8.329500
8.302000
8.347583
8.381541
8.355334
8.376333
8.316625
8.392292
8.350083
8.374875
8.338125
8.361166
8.332250
8.390042
8.342458
8.360000
8.327042
8.381417
8.351458
8.417375
8.328750
8.383458
8.366208
8.372833
8.373666
8.358000
8.364000
8.392042
8.387250
8.370875
8.366875
8.358542
