13.336834
8.338792
8.171334
8.156750
8.037417
8.109333
8.048708
8.079084
8.240542
8.303458
8.502208
8.452083
8.386000
8.351000
8.314375
8.222791
8.192250
8.174208
8.258209
8.194500
8.171000
8.177375
8.078833
8.177000
8.261834
8.175375
8.252208
8.116875
8.085500
8.090958
8.109167
8.052667
8.277417
8.229542
8.251375
8.235625
8.288208
8.161125
8.293041
8.163750
8.235625
8.260333
8.240250
8.154208
8.255375
8.108375
8.143375
8.073458
8.105709
8.067458
8.095917
8.070542
8.103208
8.294750
8.242750
8.267875
8.216666
8.115042
8.251083
8.224625
8.200542
8.187709
8.248083
8.091625
8.250792
8.222625
8.244542
8.253875
8.264791
8.241459
8.223458
8.209750
8.209834
8.192083
8.201458
8.349333
8.237583
8.116041
8.191125
8.249041
8.241958
8.210500
8.230167
8.225625
8.178042
8.157958
8.158125
8.291541
8.385166
8.189250
8.418208
8.335208
8.244875
8.216333
8.253417
8.225500
8.257458
8.226750
8.262000
8.261417
8.067166
8.121916
8.108958
8.112875
8.268042
8.224959
8.231875
8.222834
8.282500
8.272375
8.264083
8.237375
8.240125
8.233958
8.215167
8.252584
8.234875
8.347000
8.236667
8.252250
8.225708
8.370375
8.202208
8.218375
8.127250
8.216791
8.180209
8.151958
8.221875
8.285417
8.288833
8.211458
8.257167
8.129542
8.121750
8.131542
8.106000
8.232500
8.320042
8.325292
8.279541
8.129875
8.125208
8.184583
8.136875
8.178333
8.233458
8.285125
8.148792
8.200584
8.183333
8.234625
8.246916
8.241375
8.249917
8.214416
8.276958
8.222125
8.319542
8.255125
8.320625
8.256625
8.289458
8.183000
8.202917
8.084667
8.105750
8.119417
8.122375
8.203417
8.105583
8.084542
8.117334
8.230000
8.156792
8.219791
8.318875
8.242542
8.252375
8.112333
8.107042
8.107417
8.166708
8.118000
8.159875
8.176584
8.257291
8.268750
8.219250
8.239042
8.212167
8.236417
8.260542
8.127334
8.194916
8.234375
8.253584
8.186250
8.201917
8.216208
8.178166
8.142791
8.207709
8.160541
8.189541
8.162125
8.175584
8.205250
8.386125
8.547792
8.616750
8.580833
8.601584
8.561125
8.527250
8.430584
8.441959
8.408875
8.297291
8.253542
8.166500
8.125583
8.132375
8.094875
8.113750
8.107083
8.152250
8.114333
8.122584
8.130375
8.251875
8.225667
8.249709
8.263000
8.241542
8.223583
8.199459
8.297292
8.288125
8.189292
8.188250
8.157125
8.264958
8.345792
8.229833
8.257167
8.255334
8.197500
8.203875
8.154958
8.163792
8.159541
8.208125
8.251042
8.204500
8.187333
8.874459
8.306708
8.273375
8.215125
8.225166
8.228209
8.177667
8.183458
8.233959
8.264542
8.243125
8.269291
8.256416
8.249541
8.296042
8.284583
8.228250
8.185834
8.144916
8.156334
8.191834
8.192791
8.239791
8.292292
8.235583
8.232375
8.233292
8.398750
8.345667
8.340042
8.360708
8.314917
8.385583
8.344208
8.202667
8.421916
8.394792
8.359125
8.374000
8.358125
8.370958
8.357958
8.273458
8.446417
8.397208
8.385583
8.265208
8.213417
8.186084
8.181209
8.202916
8.239667
8.272709
8.307583
8.238084
8.350500
8.417791
8.374500
8.255000
8.385625
8.477833
8.336875
8.441583
8.583334
8.674250
8.860750
8.678000
8.670166
8.667500
8.656167
8.606583
8.648292
8.524209
8.455125
8.483375
8.531459
8.442416
8.345334
8.336625
8.306916
8.245167
8.251166
8.345917
8.378042
8.384291
8.369875
8.387708
8.337833
8.376042
8.247125
8.342458
8.386000
8.286375
8.245500
8.252625
8.261500
8.261750
8.217625
8.288917
8.339750
8.301833
8.273041
8.190000
8.183292
8.247167
8.221042
8.195000
8.206042
8.193875
8.329958
8.414833
8.382500
8.282875
8.271875
8.401417
8.379875
8.291000
8.283084
8.374042
8.254459
8.323750
8.410084
8.405916
8.328541
8.421000
8.475083
8.437709
8.432333
8.599375
8.512750
8.433334
8.384084
8.423458
8.396250
8.422375
8.391792
8.443542
8.407417
8.407916
8.389875
8.414917
8.361667
8.412500
8.512084
