17.893417
10.363375
9.397584
8.515417
14.339375
8.307125
8.308750
8.283375
8.188875
8.188500
8.220791
8.247292
8.245791
8.249000
8.333084
8.307875
8.181000
8.294959
8.242625
8.251833
8.281417
8.255791
8.247583
8.259000
8.272042
8.266166
8.245666
8.276000
8.247416
8.204333
8.288667
8.264583
8.259958
8.248792
8.247000
8.287334
8.237041
8.260834
8.272583
8.194042
8.237833
8.295625
8.277916
8.246542
8.246958
8.247500
8.273208
8.254875
8.270542
8.253958
8.240750
8.272292
8.304250
8.221750
8.285583
8.171042
8.284375
8.239750
8.273083
8.223250
8.258625
8.274167
8.263084
8.275458
8.337417
8.298542
8.281792
8.261875
8.307375
8.256041
8.300125
8.234125
8.303542
8.222916
8.304542
8.254291
8.300000
8.237208
8.277666
8.250791
8.258625
8.249459
8.275916
8.259042
8.278833
8.184166
8.179541
8.144708
8.276459
8.346833
8.307292
8.347583
8.295291
8.542167
8.504375
8.285500
8.406209
8.319791
8.313875
8.271375
8.318292
8.271875
8.286208
8.298875
8.313834
8.290208
8.283041
8.254791
8.308375
8.289500
8.296834
8.254417
8.299958
8.328000
8.288958
8.274334
8.297417
8.284584
8.301625
8.254459
8.284042
8.306375
8.310833
8.233667
8.305208
8.260667
8.279084
8.454750
8.331708
8.253417
8.294291
8.257834
8.301958
8.267792
8.269042
8.275541
8.310459
8.254625
8.291375
8.242000
8.323834
8.275375
8.291292
8.272709
8.294500
8.272000
8.305125
8.299417
8.322667
8.370208
8.318459
8.310209
8.318000
8.272333
8.328458
8.279625
8.270417
8.224167
8.309042
8.306750
