9.464958
8.333084
8.254334
8.244625
8.243167
8.245667
8.225166
8.205916
8.223875
8.222375
8.224166
8.225791
8.244000
8.211292
8.222750
8.176834
8.226375
8.193333
8.227875
8.170417
8.247667
8.228833
8.260542
8.228375
8.314833
8.233125
8.256417
8.230000
8.258792
8.224000
8.234666
8.195625
8.207375
8.191000
8.287000
8.223708
8.277541
8.225167
8.277708
8.253625
8.265667
8.199167
8.258708
8.205083
8.263584
8.230166
8.294708
8.247625
8.273708
8.220750
8.273750
8.284292
8.323625
8.242959
8.300125
8.240583
8.293208
8.251000
8.293791
8.243583
8.285833
8.248833
8.294792
8.265000
8.278166
8.235416
8.321458
8.307416
8.311959
8.359750
8.277292
8.246916
8.278625
8.237583
8.278792
8.267000
8.295792
8.263042
8.293625
8.259375
8.240625
8.280500
8.281042
8.268000
8.283667
8.237750
8.218167
8.273500
8.409500
8.281834
8.309667
8.265667
8.309833
8.261750
8.286958
8.267084
8.268167
8.266208
8.300792
8.283958
8.279416
8.279416
8.280417
8.282458
8.267750
8.265875
8.300042
8.273792
8.286084
8.285958
8.295459
8.268000
8.298416
8.281625
8.314292
8.315459
8.301958
8.263917
8.304291
8.423917
8.352667
8.311166
8.292334
8.304208
8.297791
8.283583
8.310041
8.306417
8.272792
8.258458
8.273542
8.270084
8.297666
8.291917
8.326167
8.295334
8.281958
8.284917
8.292750
8.269917
8.267500
8.269333
8.239791
8.286042
8.287041
8.282166
8.231542
8.335583
8.325416
8.306750
8.286166
8.307500
8.294916
8.246042
8.260333
8.306959
8.299416
8.313584
8.295625
8.287375
