10.652792
8.326125
8.204834
8.216667
8.166416
8.165625
8.265167
8.248917
8.264250
8.118334
8.282583
8.225333
8.168042
8.221958
8.025334
8.148583
8.181125
8.176791
8.110125
8.187875
8.140916
8.143083
8.118875
8.149750
8.108333
8.182041
8.126125
8.157292
8.132958
8.208375
8.167625
8.153000
8.126541
8.163250
8.146125
8.163959
8.133792
8.161959
8.109333
8.226417
8.133500
8.183458
8.179375
8.179417
8.160875
8.140791
8.147083
8.179125
8.157833
8.179334
8.168417
8.152625
8.146208
8.161041
8.140000
8.140083
8.119125
8.113375
8.173959
8.176750
8.143916
8.195125
8.309000
8.173625
8.206750
8.172000
8.199125
8.125667
8.192250
8.148375
8.182042
8.152292
7.969625
8.009750
8.177000
8.168708
8.096083
8.136584
8.153167
8.162375
8.134125
8.156041
8.162042
8.175208
8.166333
8.175875
8.161291
8.190375
8.190458
8.153125
8.228958
8.230291
8.190833
8.188541
8.181750
8.220250
8.168500
8.171958
8.185500
8.173041
8.181541
8.179625
8.169875
8.207250
8.153209
8.218167
8.179542
8.171542
8.161917
8.184625
8.142792
8.204417
8.181083
8.235709
8.178333
8.263833
8.150125
8.188708
8.205583
8.212000
8.109708
8.355875
8.280041
8.236125
8.347000
8.349334
8.220917
8.280625
8.204833
8.290667
8.395417
8.235208
8.220959
8.237875
8.275791
8.295416
8.368208
9.485750
9.277375
8.857041
8.464625
8.195666
8.134042
8.113500
8.145917
8.095375
8.217959
8.096083
8.107208
8.113375
8.265334
8.145459
8.104750
8.086084
8.124500
8.084500
8.116000
8.108917
8.099208
8.135583
