9.349292
8.339667
8.213750
8.258750
8.315375
8.249917
8.270042
8.271042
8.295291
8.237333
8.268167
8.244584
8.206250
8.255375
8.282958
8.259833
8.264625
8.246375
8.248667
8.244958
8.245041
8.242750
8.254083
8.237750
8.256583
8.233375
8.280167
8.222958
8.294416
8.254333
8.289583
8.252583
8.319334
8.254083
8.249042
8.263542
8.293875
8.250208
8.271292
8.244208
8.258917
8.258250
8.265291
8.310208
8.237875
8.259250
8.231875
8.234834
8.281333
8.248250
8.261583
8.264459
8.245375
8.306917
8.225084
8.268750
8.264083
8.297083
8.240959
8.262167
8.231667
8.293584
8.283625
8.301333
8.262917
8.261500
8.297292
8.278166
8.307209
8.258708
8.279625
8.254791
8.270791
8.273875
8.269792
8.280625
8.275042
8.260917
8.284000
8.307209
8.245250
8.274209
8.276125
8.246500
8.237458
8.254500
8.299625
8.278542
8.250875
8.306291
8.286500
8.285291
8.201042
8.321167
8.402708
8.344250
8.294417
8.305958
8.296042
8.283958
8.319541
8.303250
8.301792
8.317167
8.294917
8.294917
8.287833
8.346750
8.300000
8.305750
8.324375
8.280542
8.302667
8.314167
8.296541
8.300500
8.355375
8.287875
8.373125
8.381417
8.286375
8.305458
8.348583
8.301375
8.363292
8.498333
8.376542
8.322625
8.288834
8.284333
8.316750
8.400708
8.298833
8.306291
8.312833
8.313500
8.320000
8.308625
8.323125
8.294666
8.363500
8.356375
8.321917
8.310792
8.315042
8.373667
8.436709
8.337958
8.307917
8.308250
8.298541
8.290708
8.442625
8.336291
8.294750
8.220917
8.367500
8.397375
8.295500
8.327167
