9.394791
8.422958
8.350666
8.233292
8.233708
8.304458
8.296667
8.295792
8.311542
8.267083
8.263333
8.267291
8.310625
8.307166
8.299417
8.309958
8.309000
8.262667
8.302875
8.235917
8.293042
8.293875
8.294416
8.254500
8.294625
8.284291
8.344708
8.267458
8.267125
8.260000
8.246625
8.283334
8.296292
8.279083
8.272375
8.291084
8.350792
8.307292
8.232958
8.305875
8.285209
8.317917
8.260417
8.483542
8.368250
8.341958
8.318584
8.293541
8.311000
8.298583
8.321958
8.289334
8.334875
8.298875
8.317125
8.296375
8.191375
8.231208
8.250208
8.279125
8.255500
8.307916
8.274666
8.364583
8.329041
8.304750
8.313417
8.263334
8.312750
8.279709
8.282416
8.274916
8.301708
8.293042
8.315209
8.311667
8.323458
8.287167
8.306958
8.249125
8.364958
8.346667
8.308208
8.297041
8.314625
8.298625
8.319666
8.281542
8.303417
8.306125
8.333917
8.292084
8.306750
8.274583
8.300625
8.287541
8.252959
8.285709
8.316000
8.284333
8.323542
8.266625
8.340208
8.283792
8.294583
8.297500
8.343042
8.317250
8.308375
8.250458
8.346875
8.449500
8.342084
8.325500
8.333542
8.312208
8.336917
8.299416
8.362458
8.311042
8.307125
8.317500
8.317667
8.296375
8.330292
8.336208
8.322917
8.323542
8.301667
8.310333
8.323000
8.310833
8.320959
8.298250
8.338250
8.306916
8.357667
8.305583
8.303000
8.251291
8.342875
8.378333
8.340375
8.301500
8.341000
8.308458
8.345417
8.296750
8.281708
8.306500
8.325458
8.279500
8.348667
8.293292
8.345500
8.286958
8.331959
8.252959
8.346708
8.279542
