9.593584
8.482958
8.419417
8.354833
8.424166
8.358958
8.381375
8.408500
8.302625
8.234167
8.406666
8.300208
8.336583
8.326166
8.483250
8.351667
8.380417
8.286792
8.371666
8.353541
8.523625
8.388167
8.695833
8.998750
9.057000
9.167250
9.200667
9.264583
9.147000
8.929291
8.897292
8.871375
8.747125
8.616958
8.631083
8.389458
8.240750
8.191291
8.157375
8.189666
8.206042
8.229208
8.226583
8.198375
8.288000
8.408209
8.432209
8.442000
8.451250
8.425708
8.466083
8.446291
8.429333
8.410083
8.379833
8.353375
8.308083
8.303792
8.355750
8.314292
8.410042
8.455417
8.426458
8.347000
8.442833
8.330958
8.348125
8.473750
8.395250
8.272541
8.300750
8.354500
8.316000
8.261916
8.375125
8.321292
8.420667
8.403250
8.375875
8.320500
8.208958
8.261833
8.196375
8.188500
8.320000
8.351709
8.298917
8.242167
8.285667
8.423167
8.435917
8.358375
8.357875
8.343750
8.261875
8.298416
8.345958
8.330375
8.378666
8.383458
8.282834
8.386041
8.384958
8.325750
8.368083
8.462250
8.370083
8.382834
8.383375
8.480333
8.451042
8.500458
8.492792
8.441458
8.395750
8.438042
8.363292
8.350666
8.394375
8.310208
8.392833
8.350042
8.385792
8.319916
8.271083
8.398167
8.421084
8.386083
8.495875
8.467500
8.449792
8.373458
8.347083
8.390667
8.462542
8.415000
8.377041
8.364500
8.431583
8.472959
8.395209
8.346375
8.310583
8.366458
8.354250
8.413042
8.379208
8.407750
8.302625
8.438000
8.449334
8.443167
8.516000
8.393625
8.381541
8.351125
8.336083
8.312125
8.336166
8.303750
