9.439875
8.340667
8.313916
8.229334
8.275375
8.207875
8.256959
8.188916
8.264917
8.189500
8.289708
8.216708
8.274458
8.209208
8.238042
8.225042
8.263125
8.228500
8.269709
8.232791
8.242292
8.261875
8.237292
8.209542
8.261292
8.228542
8.263000
8.271166
8.263291
8.234834
8.264625
8.241875
8.234542
8.243708
8.279625
8.249792
8.258250
8.221084
8.311833
8.264542
8.277459
8.249250
8.273500
8.233167
8.304666
8.230833
8.267167
8.252208
8.335333
8.268958
8.267708
8.228333
8.266833
8.252166
8.276083
8.258875
8.241541
8.227083
8.256333
8.260833
8.278958
8.245000
8.346958
8.263875
8.233375
8.251333
8.270917
8.238000
8.255833
8.250917
8.260291
8.276583
8.312125
8.254042
8.242875
8.254292
8.264000
8.259000
8.339042
8.259833
8.274583
8.266042
8.270333
8.264125
8.287209
8.261542
8.260667
8.272250
8.253708
8.190583
8.276000
8.245917
8.349792
8.285041
8.277875
8.271000
8.269625
8.240250
8.241541
8.268250
8.280833
8.244708
8.315416
8.345792
8.285458
8.286083
8.255125
8.273833
8.239292
8.254625
8.266042
8.278750
8.262958
8.285667
8.253250
8.278625
8.240500
8.272750
8.228917
8.325458
8.221625
8.285083
8.252167
8.294459
8.291542
8.333958
8.252750
8.284834
8.264125
8.295708
8.228375
8.204500
8.281875
8.339958
8.363250
8.286583
8.283250
8.298125
8.245417
8.256500
8.272750
8.262166
8.283209
8.283791
8.254666
8.250416
8.305583
8.276666
8.274541
8.275125
8.317541
8.257917
8.296458
8.255042
8.307792
8.313500
8.308792
8.279250
8.291875
8.297291
