9.409542
8.372250
8.319417
8.283291
8.273750
8.251667
8.288166
8.250791
8.273750
8.234875
8.325958
8.285791
8.252625
8.283416
8.271083
8.239625
8.206833
8.250959
8.262000
8.264417
8.275875
8.271750
8.272958
8.249166
8.313584
8.274042
8.253583
8.229375
8.275375
8.264208
8.292750
8.233875
8.266666
8.261417
8.297041
8.262500
8.264792
8.257417
8.316500
8.204416
8.289375
8.315958
8.348166
8.436208
8.455000
8.464208
8.430792
8.492292
8.423250
8.483958
8.341041
8.370042
8.249458
8.278375
8.229833
8.254083
8.168792
8.292167
8.258625
8.292959
8.310917
8.261166
8.299125
8.260167
8.275583
8.285125
8.294084
8.279584
8.281917
8.257166
8.260125
8.282542
8.312750
8.275959
8.278375
8.284584
8.302000
8.261250
8.308333
8.287084
8.286208
8.256500
8.287000
8.250292
8.274834
8.269041
8.285542
8.218500
8.303875
8.213792
8.305333
8.226375
8.277708
8.275416
8.293417
8.221083
8.314708
8.217958
8.315167
8.229167
8.215542
8.303792
8.432708
8.294250
8.300583
8.241417
8.299375
8.269958
8.239916
8.325250
8.301166
8.265875
8.367125
8.268625
8.329500
8.263375
8.300208
8.259250
8.303208
8.260208
8.286916
8.293500
8.326292
8.276792
8.286250
8.288084
8.307667
8.309209
8.287708
8.275500
8.296125
8.271250
8.307167
8.391000
8.336500
8.304416
8.279125
8.230541
8.337292
8.285833
8.344250
8.286292
8.295708
8.278542
8.330500
8.285584
8.299042
8.295750
8.323041
8.308708
8.346041
8.287875
8.333542
8.285833
8.318292
8.279083
8.295708
8.293666
8.328667
8.277750
