9.341292
8.377542
8.351500
8.238167
8.380375
8.236542
8.335625
8.257666
8.312000
8.231541
8.309833
8.215291
8.306708
8.256250
8.301208
8.195958
8.243125
8.214916
8.307083
8.217708
8.309958
8.252750
8.274750
8.232625
8.288250
8.250333
8.311834
8.246625
8.258458
8.261417
8.274458
8.260459
8.279375
8.249708
8.276792
8.246125
8.300625
8.231208
8.317000
8.264458
8.303792
8.258167
8.295000
8.329959
8.330833
8.345292
8.310416
8.344625
8.282875
8.367125
8.287375
8.256167
8.298166
8.266125
8.412000
8.330291
8.334917
8.299125
8.309500
8.247292
8.328625
8.290917
8.297292
8.285542
8.309666
8.318625
8.261875
8.399375
8.305709
8.333208
8.317542
8.266583
8.284959
8.114791
8.174833
8.266416
8.423792
8.348000
8.348334
8.315792
8.410291
8.354000
8.174667
8.142125
8.388416
8.336208
8.362292
8.311709
8.294750
8.297042
8.324000
8.309500
8.335667
8.328750
8.313375
8.302958
8.266000
8.274875
8.409917
8.332959
8.334959
8.325875
8.328417
8.304291
8.311625
8.320000
8.323917
8.288792
8.335792
8.283625
8.306042
8.300792
8.316542
8.304958
8.324042
8.297125
8.311125
8.321083
8.304000
8.305167
8.371542
8.307125
8.300916
8.331500
8.331042
8.363625
8.312209
8.318625
8.351750
8.311125
8.390875
8.345417
8.308584
8.328833
8.256417
8.386250
8.263166
8.302792
8.297667
8.330250
8.327083
8.314500
8.282750
8.262500
8.317333
8.322667
8.357292
8.458625
8.430875
8.341000
8.326292
8.356208
8.311583
8.338625
8.315625
8.313292
8.350250
8.304916
8.333125
8.240167
