14.641334
8.498458
8.343500
8.323000
8.297750
8.299208
8.328667
8.315167
8.274542
8.294666
8.289083
8.312167
8.274333
8.306375
8.278208
8.352208
8.293084
8.372084
8.309958
8.344583
8.286750
8.315292
8.279250
8.329041
8.265000
8.384709
8.275500
8.415000
8.289042
8.307416
8.262875
8.396375
8.289000
8.336458
8.275667
8.291083
8.270917
8.333917
8.345833
8.343208
8.271416
8.330375
8.294292
8.326375
8.336042
8.297458
8.356542
8.307292
8.376583
8.304667
8.358208
8.290208
8.371041
8.293000
8.372208
8.297792
8.370333
8.314292
8.346166
8.306333
8.379333
8.311625
8.332875
8.317916
8.347208
8.318084
8.344209
8.293709
8.367250
8.304000
8.376667
8.348541
8.327458
8.318917
8.329459
8.337209
8.321416
8.308250
8.349250
8.324292
8.342083
8.305917
8.360541
8.293000
8.384709
8.354416
8.344708
8.342125
8.341375
8.332625
8.326125
8.368709
8.353833
8.334041
8.301041
8.320208
8.289958
8.309375
8.384250
8.316958
8.293375
8.294708
8.346750
8.325250
8.368000
8.314500
8.336708
8.316375
8.334917
8.317125
8.343250
8.309000
8.352750
8.312750
8.358334
8.299333
8.366625
8.286875
8.378625
8.305292
8.203917
8.467458
8.375000
8.355417
8.325208
8.328458
8.332500
8.322917
8.323000
8.320458
8.324708
8.327708
8.340375
8.356667
8.308458
8.307334
8.352542
8.327416
8.387042
8.316959
8.337333
8.323750
8.326000
8.322833
8.335833
8.322000
8.342208
8.333875
8.333292
8.380792
8.365416
8.369792
8.351292
8.355584
8.301166
8.323416
8.354791
8.405875
8.312792
8.349833
8.300750
8.434583
8.323166
8.405667
8.336000
8.330583
8.325500
8.353250
8.318458
8.345167
8.325667
8.356250
8.310750
8.319208
8.337083
8.383916
8.313250
8.368917
8.375750
8.346833
8.312250
8.363084
8.320875
8.422042
8.332208
8.361083
8.310667
8.336542
8.341958
8.351208
8.309042
8.341000
8.318667
8.364958
8.355416
8.346667
8.333167
8.365125
8.313834
8.336916
8.354458
8.322167
8.310458
8.357000
8.331584
8.331208
8.327000
8.363667
8.307333
8.340834
8.347417
8.356958
8.337208
8.335708
8.335833
8.381542
8.352625
8.363541
8.348916
8.381750
8.351583
8.397709
8.308666
8.368083
8.336250
8.362042
8.335333
8.384625
8.346958
8.337000
8.362208
8.360333
8.352250
8.317958
8.307917
8.324834
8.343792
8.351875
8.328959
8.330542
8.339250
8.353167
8.373917
8.325791
8.343667
8.323875
8.335709
8.334292
8.330167
8.360416
8.322917
8.342375
8.322667
8.333792
8.331875
8.425584
9.057042
8.423917
8.343167
8.358708
8.340500
8.341917
8.353708
8.389292
8.365500
8.378458
8.331416
8.331750
8.301625
8.356333
8.330542
8.356792
8.357667
8.366125
8.350834
8.373375
8.343042
8.378667
8.324042
8.358417
8.322875
8.365417
8.316416
8.361542
8.346333
8.375791
8.361458
8.359667
8.357292
8.364708
8.344375
8.346292
8.324417
8.352042
8.356292
8.335542
8.356750
8.376042
8.349458
8.362500
8.385041
8.388500
8.374042
8.374000
8.361834
8.402500
8.326000
8.354250
8.350209
8.393375
8.363708
8.380375
8.378500
8.393500
8.388000
8.365208
8.375459
8.365125
8.348500
8.347750
8.356042
8.373542
8.362167
8.364500
8.387292
8.369000
8.378167
8.408875
8.365125
8.353458
8.369917
8.365125
8.387333
8.358667
8.384542
8.372333
8.378125
8.384292
8.401375
8.363500
8.366500
8.361375
8.371375
8.345708
8.386541
8.479375
8.361250
8.366042
8.381042
8.401875
8.393458
8.376250
8.398084
8.401292
8.391375
8.378666
8.401083
8.372500
8.405250
8.382584
8.401209
8.383208
8.394834
8.380750
8.390625
8.368458
8.373584
8.366167
8.414959
8.361000
8.391666
8.370750
8.387875
8.354416
8.421541
8.392375
8.384041
8.389000
8.371417
8.378125
8.388708
8.409833
8.398542
8.367041
8.390833
8.459417
8.445875
8.374000
8.420959
8.400459
8.425583
8.389167
8.506750
8.392125
8.421709
8.359917
8.403292
8.374709
8.457083
8.375917
8.413333
8.388916
8.391792
8.401375
8.402667
8.430834
8.464500
8.409125
8.447625
8.398333
8.423875
8.374250
8.416792
8.373250
8.406125
8.373042
8.425667
8.408417
8.417416
8.425042
8.386875
8.383834
8.403917
8.384125
8.411583
8.374667
8.404625
8.395958
8.425041
8.405542
8.420792
8.372834
8.418208
8.380792
8.407833
8.409875
8.390125
8.365292
8.420209
8.393375
8.408708
8.354333
8.398334
8.408000
8.437666
8.396416
8.405083
8.387500
8.399500
8.383792
8.404167
8.402458
8.406208
8.408500
8.407166
8.399292
8.415666
8.392458
8.395458
8.397667
8.394583
8.400333
8.421959
8.413584
8.414667
8.463125
8.416833
8.422583
8.420375
8.389167
8.397500
8.418875
8.395542
8.407417
8.428125
8.381667
8.401875
8.436125
8.430792
8.430917
8.443334
8.430042
8.397042
8.406417
8.416916
8.422958
8.418417
8.438708
8.418334
8.415333
8.419917
8.434584
8.404709
8.450167
8.414375
8.435083
8.399583
8.426458
8.418291
8.436542
8.454000
8.444583
8.428583
8.469042
8.418833
8.461625
8.472083
8.441375
8.404000
8.413000
8.418416
8.482917
9.784666
8.519167
8.486584
8.421208
8.495709
8.471458
8.391375
8.424708
8.360417
8.310750
8.383000
8.325958
8.372958
8.441375
8.369417
8.383666
8.381416
8.387083
8.363625
8.359667
8.379625
8.337458
8.365125
8.362667
8.406125
8.351750
8.406416
8.360959
8.376333
8.419500
8.406583
8.369583
8.352166
8.326250
8.479167
8.454333
8.439416
8.517500
8.418750
8.444708
8.446791
8.463709
8.465542
8.427750
8.451250
8.462250
8.447583
8.456417
8.444500
8.426500
8.445416
8.439750
8.442167
8.435209
8.427167
8.426542
8.460084
8.470917
8.459209
8.456875
8.450417
8.470458
8.465584
8.451417
8.479958
8.470875
8.463041
8.465458
8.465208
8.423500
8.474084
8.452916
8.476667
8.429125
8.438625
8.448625
8.448500
8.450625
8.505084
8.437250
8.432333
8.448666
8.403083
8.422917
8.493750
8.461708
8.455166
8.446625
