9.389125
8.378458
8.258500
8.229708
8.245125
8.194708
8.232834
8.222417
8.187916
8.191583
8.212917
8.198125
8.212292
8.219416
8.187458
8.227042
8.199375
8.169541
8.281000
8.193916
8.161167
8.167959
8.203750
8.214959
8.186792
8.191209
8.181416
8.174834
8.193958
8.201542
8.192750
8.206167
8.185750
8.191250
8.197125
8.194458
8.192125
8.268750
8.195250
8.198083
8.187500
8.229916
8.200334
8.230625
8.191125
8.182583
8.181625
8.221417
8.215667
8.231500
8.176958
8.209917
8.196625
8.221583
8.205041
8.250750
8.208792
8.225708
8.202750
8.229000
8.188959
8.215833
8.221917
8.237000
8.202167
8.214916
8.216333
8.169125
8.207208
8.199417
8.204541
8.202875
8.163208
8.219625
8.211333
8.210542
8.188958
8.320916
8.244500
8.218459
8.193500
8.213583
8.206541
8.223167
8.226084
8.208917
8.219917
8.202750
8.230750
8.233667
8.208084
8.208291
8.216083
8.208833
8.232417
8.217625
8.256792
8.182125
8.238083
8.203375
8.265917
8.205125
8.260792
8.209333
8.280666
8.183875
8.369667
8.311000
8.389583
8.314541
8.282250
8.353666
8.240083
8.220583
8.229042
8.197333
8.247208
8.232750
8.245417
8.228709
8.280833
8.222125
8.253458
8.250500
8.239417
8.206583
8.259375
8.231208
8.233958
8.245125
8.289084
8.228083
8.222458
8.227500
8.252000
8.217208
8.249125
8.239083
8.279958
8.366375
8.268000
8.235084
8.280917
8.211958
8.225917
8.242750
8.235458
8.219041
8.254167
8.243667
8.252166
8.246625
8.251667
8.230667
8.249500
8.232625
8.257667
8.245667
8.257375
8.240458
8.235000
8.232750
8.248542
8.213917
8.247417
8.214583
8.223084
8.235875
8.305083
8.280500
8.315041
8.251208
8.303167
8.262000
8.362000
8.312375
8.247125
8.234834
8.271375
8.243958
8.331500
8.288084
8.261917
8.330625
8.328666
8.297542
8.298375
8.339375
8.193917
8.158375
8.176833
8.184084
8.196750
8.166209
8.215959
8.240583
8.223833
8.179166
8.200417
8.213459
