9.311500
8.303083
8.141791
8.175958
8.155959
8.101750
8.177625
8.193334
8.168000
8.165166
8.142625
8.220625
8.106083
8.153667
8.145542
8.216958
8.098667
8.126416
8.134750
8.143125
8.062500
8.180792
8.184333
8.177833
8.163542
8.286292
8.553625
8.345292
8.397208
8.643625
8.613292
8.567666
8.553417
8.407500
8.112125
8.060375
8.045292
8.060250
8.034250
8.030333
8.030292
8.050000
8.071125
8.055917
8.056250
8.095583
8.050334
8.050584
8.078083
8.053917
8.073833
8.043250
8.078875
8.012334
8.172125
8.138958
8.186625
8.141583
8.158250
8.089958
8.142125
8.138292
8.159083
8.103167
8.160542
8.217667
8.140625
8.107208
8.131709
8.135792
8.130417
8.076500
8.138708
8.111375
8.131250
8.136083
8.141792
8.125458
8.156666
8.125875
8.123458
8.098750
8.155667
8.119709
8.160916
8.093416
8.128125
8.180875
8.107041
8.240709
8.168250
8.131083
8.131917
8.109875
8.105916
8.144375
8.128250
8.158375
8.154167
8.148750
8.174666
8.194334
8.166292
8.145125
8.126250
8.155708
8.147667
8.173542
8.135833
8.168292
8.149375
8.157667
8.168042
8.174292
8.131709
8.167791
8.156625
8.160042
8.151792
8.180583
8.300958
8.195458
8.145000
8.165166
8.184708
8.126625
8.147625
8.172458
8.178541
8.149458
8.175916
8.147750
8.190000
8.151500
8.153625
8.119625
8.157167
8.124959
8.126709
8.110208
8.127958
8.127542
8.163500
8.121875
8.146458
8.124417
8.159750
8.164416
8.148167
8.121917
8.218084
8.148333
8.154250
8.162583
8.185334
8.137666
8.167125
8.129250
8.241209
8.151208
8.162459
8.147208
8.181083
8.124750
8.179959
8.130792
8.156958
8.152417
8.165583
8.137250
8.171333
8.157709
8.205750
8.171167
8.168834
8.138125
8.167708
8.151417
8.160333
8.144667
8.175583
8.197167
8.162542
8.159208
8.170333
8.111917
8.170625
8.161250
8.160083
8.144250
8.131666
8.188959
8.127042
8.146541
8.147208
8.173750
8.195792
8.206083
8.203041
8.179000
8.174375
8.188708
8.169417
8.180000
8.162958
8.261750
8.173416
8.208584
8.154792
8.234750
8.177625
8.202584
8.138583
8.178250
8.159375
8.159584
8.169666
8.162375
8.173250
8.168417
8.183792
8.167959
8.162625
8.179583
8.237791
8.211625
8.187083
8.186583
8.215667
8.196625
8.214000
8.163416
8.188666
8.174166
8.172750
8.187583
8.165916
8.181458
8.196083
8.197458
8.163250
8.157500
8.187083
8.147667
8.181208
8.175792
8.204208
8.151666
8.199000
8.149125
8.192375
8.178166
8.196583
8.160791
8.257500
8.180125
8.922417
8.283750
8.215000
8.185042
8.192125
8.168292
8.228042
8.171334
8.206875
8.166083
8.193417
8.182916
8.149542
8.166958
8.268333
8.213833
8.197041
8.177208
8.165375
8.167542
8.208167
8.182875
8.197042
8.166417
8.173834
8.181167
8.212667
8.178959
8.199583
8.169625
8.192167
8.190417
8.226791
8.181042
8.193500
8.253084
8.212000
8.182666
8.165166
8.203500
8.190916
8.212875
8.221250
8.200375
8.186500
8.168208
8.191875
8.202541
8.197750
8.171667
8.243958
8.185833
8.197416
8.187375
8.163917
8.199584
8.190375
8.218333
8.168917
8.173500
8.185500
8.205250
8.254166
8.201542
8.172375
8.219666
8.182083
8.243833
8.184459
8.238375
8.206000
8.233917
8.240000
8.202583
8.228709
8.209208
8.204584
8.234541
8.196666
8.204000
8.204292
8.294833
8.227250
8.208875
8.218834
8.210875
8.190125
8.212500
8.196000
8.215000
8.200750
8.203208
8.218375
8.210500
8.199417
8.211917
8.205625
8.213375
8.195166
8.202917
8.194834
8.220375
8.242125
8.247708
8.208000
8.213417
8.219917
8.227083
8.207958
8.201417
8.233916
8.190334
8.252833
8.221375
8.234792
8.210458
8.243708
8.214458
8.229916
8.201791
8.241750
8.217292
8.242167
8.207750
8.243583
8.180167
8.251916
8.197417
8.261000
8.202500
8.234167
8.201958
8.219667
8.198625
8.223583
8.201500
8.211208
8.262084
8.219750
8.199834
8.247708
8.245000
8.194166
8.205792
8.216333
8.226958
8.224708
8.254000
8.214083
8.207709
8.248750
8.187458
8.218708
8.197250
8.191667
8.208667
8.232459
8.205875
8.245541
8.232583
8.245709
8.212125
8.278834
8.238041
8.337417
8.216417
8.264250
8.219625
8.250375
8.196625
8.255250
8.235917
8.258958
8.209250
8.222917
8.231417
8.224125
8.234583
8.248583
8.232625
8.243333
8.226708
8.212083
8.213875
8.225542
8.228292
8.231250
8.222542
8.272458
8.223000
8.249875
8.224584
8.253083
8.211667
8.284584
8.251417
8.229500
8.228916
8.214833
8.291458
8.243500
8.260667
8.249958
8.233000
8.231708
8.238625
8.226083
8.233875
8.260959
8.259875
8.240958
8.239708
8.221292
8.303542
8.226541
8.243166
8.250333
8.235917
8.265958
8.256958
8.262584
8.288459
8.215167
8.283333
8.240166
8.252667
8.237000
8.285334
8.266375
8.258166
8.228000
8.293375
8.272375
8.287750
8.275250
8.273583
8.270041
8.380084
8.255625
8.266208
8.224250
8.312083
8.282208
8.274292
8.359167
8.278583
8.249125
8.304792
8.239875
8.271917
8.247583
8.264333
8.271125
8.246084
8.289792
8.244500
9.586500
8.335083
8.285500
8.285167
8.267125
8.265834
8.267375
8.255125
8.278042
8.240167
8.216375
8.331541
8.259167
8.345542
8.267458
8.304583
8.267708
8.262250
8.248208
8.260792
8.297042
8.270333
8.236375
8.263875
8.255167
8.284750
8.261417
8.277000
8.276166
8.303542
8.258333
8.263833
8.257125
8.280292
8.274875
8.264416
8.238833
8.354584
8.271959
8.285542
8.260542
8.291750
8.316333
8.277458
8.261334
8.272250
8.233250
8.277292
8.268916
8.279333
8.285250
8.243375
8.275834
8.277042
8.276875
8.248167
8.296709
8.263250
8.261166
8.295208
8.264209
8.282041
8.276875
8.287875
8.264042
8.292666
8.281666
8.288500
8.298208
8.292750
8.280875
8.278916
8.272417
8.279666
8.269625
8.310958
8.297208
8.253666
8.271125
8.274084
8.264750
8.263209
8.273333
8.335167
8.262125
8.273584
8.265583
8.269667
