9.356792
8.417875
8.168792
8.257208
8.158750
8.257542
8.154667
8.248666
8.161917
8.210042
8.116125
8.255208
8.130458
8.385458
8.152959
8.200375
8.111500
8.157000
8.138667
8.246875
8.160833
8.330750
8.143625
8.279333
8.146042
8.217833
8.173125
8.292417
8.194125
8.164083
8.163791
8.170583
8.218708
8.081500
8.409375
8.098792
8.194166
8.116708
8.129208
8.106458
8.140916
8.084917
8.177834
8.099209
8.146958
8.136125
8.172167
8.082458
8.149625
8.135375
8.141250
8.129958
8.143125
8.135458
8.146834
8.127458
8.139084
8.102834
8.132709
8.143708
8.127750
8.117875
8.183500
8.124083
8.141167
8.105042
8.101167
8.151833
8.104125
8.108292
8.075125
8.053041
8.214833
8.182000
8.115000
8.112333
8.090833
8.191417
8.126500
8.144250
8.149417
8.135250
8.130167
8.184583
8.167042
8.141875
8.138291
8.172375
8.209500
8.155000
8.139500
8.142458
8.132625
8.137083
8.130750
8.159417
8.148083
8.149292
8.148042
8.172750
8.132542
8.136750
8.118333
8.285125
8.184750
8.155500
8.134250
8.110459
8.133416
8.126708
8.151625
8.145459
8.126042
8.128125
8.135459
8.141041
8.144125
8.117584
8.135708
8.132417
8.127333
8.130875
8.157875
8.128333
8.168458
8.125333
8.179459
8.126750
8.154459
8.132167
8.150084
8.181708
8.177209
8.054875
8.302833
8.223625
8.195750
8.153666
8.200792
8.155584
8.230125
8.147166
8.178333
8.143792
8.156417
8.137542
8.188042
8.148417
8.167416
8.125084
8.208250
8.161667
8.155500
8.171916
8.171459
8.123792
8.181125
8.127250
8.176000
8.147042
8.179833
8.135292
8.125333
8.182250
8.111875
8.211875
8.149917
8.150333
8.164417
8.161083
8.141458
8.168875
8.141208
8.167041
8.135709
8.188333
8.180416
8.230750
8.157500
8.182875
8.168458
8.205500
8.178833
8.214500
8.225250
8.186625
8.138084
8.189709
8.163458
8.187000
8.189084
8.179541
8.172875
8.175916
8.141458
8.169750
8.129375
8.176500
8.170584
8.182834
