15.344958
8.334917
8.161791
8.171667
8.143500
8.164083
8.140125
8.168500
8.204625
8.145042
8.097667
8.112750
8.141334
8.173500
8.095208
8.101416
8.099375
8.074583
8.104750
8.121750
8.114250
8.092500
8.089250
8.087958
8.079375
8.072625
8.097625
8.072792
8.123584
8.131542
8.113291
8.084042
8.099167
8.139333
8.138375
8.102625
8.134584
8.077583
8.089209
8.088500
8.098750
8.072542
8.095209
8.087750
8.127750
8.096583
8.126709
8.093250
8.125416
8.087750
8.136375
8.108458
8.125583
8.108292
8.087459
8.127417
8.170166
8.099625
8.122459
8.130709
8.094791
8.134125
8.143750
8.100292
8.104541
8.144625
8.105959
8.088750
8.090917
8.148333
8.083333
8.138333
8.105667
8.156750
8.143750
8.107334
8.126083
8.114958
8.137666
8.133958
8.126500
8.130584
8.137334
8.156000
8.142958
8.132709
8.135333
8.136875
8.113250
8.129792
8.138791
8.126750
8.092291
8.275250
8.160542
8.159875
8.141750
8.131166
8.133500
8.107584
8.138000
8.093584
8.132833
8.116709
8.149334
8.091125
8.129250
8.136917
8.175625
8.093334
8.169625
8.146583
8.204792
8.129792
8.174417
8.114459
8.155083
8.107000
8.189959
8.128041
8.139375
8.121708
8.145167
8.078000
8.353208
8.175375
8.171167
8.121542
8.152333
8.142125
8.128834
8.133583
8.148583
8.126000
8.154041
8.141125
8.157334
8.121083
8.128875
8.129792
8.124667
8.133000
8.130333
8.132708
8.125209
8.125958
8.136416
8.129209
8.130209
8.129083
8.135417
8.141458
8.149750
8.121834
8.165000
8.129417
8.144583
8.182334
8.159500
8.165208
8.144375
8.125666
8.146375
8.137458
8.157541
8.126584
8.129167
8.125625
8.126166
8.152625
8.126166
8.152083
8.163958
8.191875
8.142500
8.158625
8.177917
8.157833
8.132583
8.154208
8.206334
8.163417
8.191416
8.169125
8.194375
8.141083
8.152750
8.122625
8.152750
8.170083
8.146541
8.109042
8.146291
8.121166
8.171542
8.148042
8.168167
8.171542
8.174917
8.146375
8.181458
8.155084
8.181250
8.154291
8.164916
8.155875
8.219167
8.136500
8.221042
8.156833
8.284541
8.129042
8.191917
8.148750
8.207625
8.148250
8.183041
8.157250
8.195375
8.191709
8.200792
8.176417
8.194708
8.160917
8.186416
8.164625
8.152334
8.199417
8.193416
8.167583
8.211250
8.159083
8.172709
8.174709
8.180333
8.156542
8.189708
8.171000
8.155917
8.158000
8.251041
8.172959
8.188167
8.174042
8.166250
8.162500
8.157917
8.182542
8.152542
8.236750
8.165291
8.159375
8.161958
8.194250
8.166958
8.183375
8.960583
8.222958
8.202584
8.207375
8.217000
8.198459
8.158542
8.177250
8.150583
8.197708
8.152959
8.181625
8.188875
8.190166
8.202000
8.243667
8.181666
8.177209
8.181209
8.177292
8.168041
8.178625
8.180458
8.127541
8.177708
8.181459
8.182250
8.171500
8.174250
8.188291
8.183708
8.157000
8.200541
8.193875
8.178750
8.189791
8.206000
8.239959
8.163458
8.182625
8.180625
8.197417
8.208542
8.195500
8.182250
8.176292
8.187833
8.199667
8.220084
8.159417
8.198625
8.178167
8.209250
8.166917
8.190083
8.174083
8.222084
8.173167
8.214792
8.191791
8.189416
8.188250
8.225792
8.156375
8.216792
8.170333
8.218584
8.208917
8.256167
8.166416
8.219584
8.242209
8.199375
8.179417
8.222000
8.198750
8.218250
8.167250
8.186166
8.189042
8.227667
8.184291
8.207750
8.177625
8.230125
8.184458
8.231292
8.193625
8.239875
8.197250
8.229375
8.182708
8.209542
8.187541
8.222334
8.193833
8.222125
8.213416
8.234666
8.211042
8.212791
8.171334
8.180750
8.193083
8.254958
8.203833
8.231542
8.199042
8.272250
8.192500
8.202875
8.195459
8.213375
8.211417
8.212792
8.201333
8.182084
8.226083
8.224125
8.197750
8.214041
8.222333
8.194416
8.221458
8.221458
8.235750
8.232959
8.216708
8.208667
8.209958
8.201584
8.192500
8.222750
8.197291
8.204459
8.230208
8.191041
8.211458
8.215500
8.195708
8.209083
8.206583
8.222166
8.218375
8.206084
8.209708
8.239208
8.231042
8.218292
8.229334
8.196625
8.227625
8.227166
8.196500
8.284083
8.285042
8.242416
8.230625
8.212084
8.228750
8.238375
8.244459
8.224833
8.264333
8.379291
8.241708
8.238084
8.226250
8.243750
8.233917
8.229834
8.232875
8.220750
8.216250
8.224458
8.225167
8.198209
8.261458
8.187458
8.188083
8.248250
8.240792
8.227750
8.200333
8.222083
8.272917
8.232750
8.316542
8.223875
8.206083
8.269292
8.198708
8.259417
8.219416
8.223417
8.231917
8.259084
8.214333
8.231875
8.202750
8.273042
8.223083
8.243959
8.219500
8.259666
8.198500
8.245208
8.230666
8.264750
8.214584
8.270625
8.217791
8.259666
8.220708
8.250208
8.216125
8.266666
8.225750
8.266917
8.218958
8.274458
8.266542
8.249833
8.244792
8.273667
8.327750
8.274875
8.216209
8.355375
8.232667
8.282459
8.217208
8.248833
8.258667
8.304083
8.257625
8.233834
8.245042
8.282833
8.235833
8.270000
8.236459
8.287333
8.264250
8.259375
8.250166
8.254459
8.251583
8.254833
8.216250
8.248250
8.235000
8.228667
8.224292
8.255459
8.277625
120.913125
10.226709
8.845792
8.269125
8.262833
8.244958
8.278584
8.282125
8.297625
8.271791
8.273834
8.274792
8.267375
8.270166
8.256167
8.251583
8.290208
8.279958
8.268084
8.268041
8.243000
8.264750
8.257375
8.279250
8.211292
8.230875
8.248709
8.274792
8.280875
8.201625
8.233875
8.247541
8.229875
8.262958
8.297459
8.276542
8.226791
8.276042
8.247250
8.253500
8.260000
8.252666
8.254958
8.305250
8.278459
8.273625
8.273125
8.280958
8.270834
8.316875
8.220167
8.277042
8.258208
8.293167
8.257708
8.284459
8.263708
8.306208
8.286750
8.274000
8.237459
8.302959
8.300833
8.289958
8.289833
8.318292
8.264709
8.382750
8.252041
8.429708
8.257125
8.388542
8.298250
8.332542
8.275291
8.326333
8.276625
8.318750
8.272000
8.278333
8.351792
8.311084
8.343500
8.290500
8.384250
8.302792
8.356250
8.306875
