9.480083
8.490791
8.345125
8.274708
8.210042
8.308458
8.415333
8.448791
8.238333
8.263542
8.232792
8.290416
8.186584
8.223500
8.189625
8.244000
8.232292
8.389875
8.238917
8.206875
8.133375
8.246458
8.343250
8.347125
8.371709
8.364750
8.331125
8.418625
8.377166
8.460917
8.492208
8.458583
8.273625
8.254125
8.290416
8.392333
8.356042
8.313959
8.198791
8.280625
8.326792
8.394250
8.374500
8.300875
8.104583
8.127875
8.194583
8.301250
8.248000
8.320375
8.764792
8.296042
8.186625
8.393084
8.303792
8.310292
8.329000
8.375417
8.309125
8.313667
8.297000
8.298375
8.333958
8.309375
8.302500
8.311375
8.307250
8.294709
8.303875
8.302000
8.293500
8.364833
8.300708
8.284792
8.298000
8.313875
8.309500
8.275250
8.275000
8.281417
8.310208
8.287208
8.308208
8.341042
8.370417
8.336000
8.287625
8.280167
8.294000
8.307583
8.294792
8.285708
8.214750
8.341458
8.325625
8.371167
8.417042
8.416667
8.322125
8.356875
8.323334
8.298666
8.298833
8.301875
8.282375
8.313417
8.336000
8.319500
8.303625
8.278375
8.294041
8.362459
8.376625
8.440667
8.513167
8.318291
8.286167
8.325041
8.218625
8.211208
8.324250
8.348583
8.347917
8.336000
8.343584
8.317958
8.326125
8.329792
8.310084
8.295375
8.332458
8.309625
8.318917
8.360250
8.285125
8.331708
8.296875
8.314209
8.323042
8.309958
8.342667
8.302500
8.314333
8.261083
8.388666
8.344209
8.326500
8.327542
8.314500
8.329208
8.344084
8.324334
8.329500
8.294375
8.336500
8.322917
8.330458
8.400625
8.310666
8.334666
8.315625
8.319791
8.345500
8.306291
8.325458
8.382166
8.330250
8.298667
8.325791
8.309709
8.340208
8.317458
8.333375
8.335333
8.342875
8.322583
8.331417
8.416000
8.338750
8.361792
8.328250
8.317125
8.326708
8.327125
8.329542
8.330292
8.326875
8.316125
8.336500
8.328958
8.362250
8.377875
8.325709
8.312791
8.338167
8.343458
8.333417
8.346042
8.362584
8.379041
8.357167
8.313750
8.318000
8.329917
8.340792
8.319875
8.325250
8.319375
8.329667
8.326917
8.323292
8.311917
8.316500
8.323875
8.330083
8.330000
8.355250
8.328583
8.329834
8.341375
8.352708
8.353709
8.353167
8.346291
8.322958
8.327584
8.336875
8.364750
8.360500
8.332791
8.322667
8.321125
8.349917
8.331000
8.354750
8.325875
8.330375
8.303917
8.355458
8.329333
8.395625
8.357042
8.330375
8.359375
8.345542
8.344958
8.345042
8.362458
8.368459
8.354875
8.370416
8.373166
8.418666
8.313834
8.319375
8.335167
9.086958
8.435292
8.357042
8.436208
8.350500
8.357459
8.366291
8.390000
8.376958
8.404459
8.331375
8.392708
8.338000
8.362791
8.354792
8.334583
8.361375
8.352334
8.327083
8.395417
8.336458
8.324541
8.360292
8.356791
8.352833
8.396917
8.369250
8.338584
8.365958
8.368334
8.421709
8.363541
8.354875
8.369959
8.355125
8.364708
8.369000
8.372208
8.361458
8.352291
8.370416
8.391042
8.355333
8.385333
8.375917
8.358375
8.377500
8.378834
8.356375
8.395042
8.352833
8.383542
8.412334
8.356167
8.367083
8.370792
8.374708
8.352125
8.377459
8.353750
8.371666
8.367750
8.375417
8.360333
8.376167
8.371458
8.352792
8.358542
8.358125
8.352583
8.359958
8.359750
8.377667
8.366292
8.349792
8.372541
8.380875
8.363125
8.338917
8.411959
8.371834
8.365000
8.349500
8.379542
8.386000
8.367792
8.360208
8.359625
8.364333
8.373375
8.428792
8.433667
8.377209
8.359334
8.347750
8.400750
8.366917
8.379208
8.363416
8.392875
8.393750
8.453917
8.372875
8.394083
8.362458
8.404083
8.378166
8.426417
8.374250
8.406125
8.353541
8.400292
8.377625
8.359167
8.370250
8.441833
8.355458
8.407750
8.438333
8.389875
8.365250
8.458417
8.390250
8.413292
8.354792
8.381209
8.366750
8.393250
8.397958
8.387334
8.377125
8.413667
8.371417
8.386042
8.361500
8.421042
8.348167
8.387208
8.354167
8.398209
8.367750
8.414875
8.355750
8.386542
8.413958
8.392208
8.381333
8.409292
8.384042
8.395375
8.401584
8.395750
8.432208
8.420833
8.413291
8.404542
8.384542
8.414708
8.437333
8.432208
8.406666
8.368167
8.386375
8.372208
8.406916
8.398500
8.454708
8.426167
8.426334
8.409417
8.389417
8.409042
8.406500
8.381500
8.425500
8.379458
8.426833
8.429417
8.415709
8.419583
8.434833
8.393042
8.394667
8.395375
8.471000
8.403666
8.401209
8.408833
8.418583
8.434833
8.425125
8.416084
8.426875
8.426916
8.406667
8.388084
8.424458
8.398458
8.404666
8.398042
8.412333
8.375500
8.430084
8.428875
8.428333
8.442875
8.423500
8.423666
8.408708
8.418000
8.426125
8.375042
8.432875
8.501792
8.439625
8.418458
8.456250
8.413875
8.452541
8.401167
8.403667
8.400125
8.431333
8.391792
8.437167
8.402208
8.440750
8.391375
8.484959
8.410750
8.435583
8.404333
8.463708
8.409000
8.420375
8.413125
8.418709
8.400791
8.440417
8.395833
8.427125
8.373291
8.455209
8.401375
8.451000
8.395958
8.420416
8.385291
8.429875
8.412500
8.440333
8.413083
8.445208
8.390292
8.413959
8.511708
9.733792
8.496750
8.439458
8.455250
8.445209
8.480583
8.430000
8.445083
8.401958
8.397333
8.464625
8.465042
8.405041
8.432333
8.411125
8.418542
8.420041
8.434625
8.435584
8.419083
8.411542
8.433500
8.412834
8.473750
8.411875
8.459417
8.412875
8.466250
8.430250
8.430417
8.484708
8.442792
8.426000
8.455292
8.407250
8.469750
8.432917
8.446459
8.417292
8.435708
8.426459
8.477333
8.405458
8.480708
8.461125
8.442292
8.436500
8.442125
8.429458
8.451208
8.480250
8.430250
8.404125
8.431500
8.411709
8.400542
8.418458
8.438458
8.441125
8.451375
8.409250
8.430459
8.425209
8.444209
8.435292
8.445708
8.432750
8.423375
8.429083
8.414417
8.481958
8.457833
8.446417
8.452500
8.454167
8.460042
8.446458
8.472209
8.462417
8.445917
8.447709
8.433625
8.459958
8.446708
8.455625
8.425833
8.449333
8.430250
