10.063500
9.039791
8.872250
8.905291
8.858792
8.878875
8.868750
8.898792
8.862458
8.871583
8.906625
8.859708
8.857042
8.869875
8.871541
8.865542
8.889250
8.846958
8.896583
8.860167
8.869750
8.829584
8.860292
8.848334
8.871500
8.862667
8.855209
8.860458
8.869083
8.868750
8.876167
8.888208
8.866875
8.924000
8.852333
8.882917
8.859333
8.876000
8.857917
8.877875
8.884125
8.862041
8.890750
8.895667
8.868834
8.863458
8.902459
8.872333
8.906875
8.861958
8.864375
8.860042
8.857667
8.860833
8.847042
8.885625
8.885250
8.875292
8.847375
8.878667
8.860959
8.867667
8.936250
8.870417
8.844667
8.866375
8.878166
8.853791
8.863667
8.870625
8.930958
8.897625
8.887625
8.875125
8.899417
8.866292
8.898917
8.867750
8.916583
8.885583
8.911416
8.902333
8.910916
8.868042
8.874042
8.896708
8.880750
8.908875
8.888333
8.878375
8.882375
8.899542
8.952875
8.893666
8.846709
8.908084
8.851000
8.888542
8.909500
8.984667
8.951500
8.900958
8.908292
8.905333
8.900583
8.875583
8.888417
8.906125
8.918083
8.902834
8.926583
8.887750
8.882333
8.909541
8.893459
8.894333
8.908166
8.919583
8.911750
8.946208
8.893125
8.919458
8.885834
8.961333
8.900500
8.915000
8.889708
8.952792
8.983083
8.914125
8.928333
8.917875
8.949416
8.887333
8.903459
8.907458
8.930208
8.922583
8.925958
8.919250
8.915500
8.895541
8.895417
8.925250
8.914791
8.924541
8.928333
8.903750
8.894000
8.983792
8.916625
8.950708
8.891500
8.936000
8.904917
8.905791
8.909792
8.923709
8.949417
8.890667
8.921042
8.896458
8.897708
8.907750
8.905208
8.872583
8.903334
8.892042
8.923666
8.904917
8.899250
8.900083
8.898625
8.918959
8.923250
8.941666
8.906209
8.903833
8.910166
8.953083
8.920875
8.922834
8.905833
8.939083
8.922292
8.908625
8.937083
8.904583
8.945541
8.934917
8.921083
8.951208
8.943834
8.915416
8.963792
8.954958
8.927750
8.907542
8.926917
8.928708
8.894458
8.992792
8.937125
8.938041
8.914875
8.947416
8.956000
8.925666
8.934375
8.975167
8.903166
8.936708
8.943958
8.959834
8.921958
8.969417
8.946208
8.935958
8.943500
8.939750
8.948125
8.921083
8.956292
8.913084
8.932958
8.984166
8.936917
8.937958
8.911209
8.958125
8.940917
8.968750
8.923417
8.968042
8.919917
8.983750
8.937000
8.939625
8.914000
8.920208
8.956208
8.982542
8.945542
8.940708
8.962042
8.925208
8.943042
8.948291
8.918042
8.947000
8.977000
8.910041
8.950209
8.956500
8.933125
8.948250
9.649250
9.038250
8.973333
9.042958
8.951500
8.986542
8.920250
8.935375
8.910417
8.949500
8.942833
8.953083
8.955708
8.941375
8.935875
8.943834
8.958875
8.939542
8.966208
8.910833
8.928333
8.903500
8.951625
8.924375
8.951834
8.937875
8.919666
8.938958
8.943042
8.944583
8.922458
8.977750
8.948125
8.945500
8.933292
8.916916
8.938750
8.935750
8.920666
8.939708
8.960458
8.932417
8.966292
8.994208
9.033250
8.946000
8.965625
8.946708
8.963959
8.945750
8.952167
8.957250
8.998458
8.981375
8.943000
8.973334
8.933875
9.054750
8.930084
9.011541
8.957375
8.965250
8.942791
8.963500
8.963792
8.941334
8.961750
8.950500
8.960541
8.968208
8.971792
8.960542
9.015208
8.970625
8.961041
8.955834
8.979375
8.971542
8.990291
8.971500
8.966375
8.988542
8.941500
8.974250
8.965000
8.981834
8.979584
8.983583
8.945666
8.946917
8.959250
8.980167
8.990334
8.957542
8.967292
8.940709
8.974875
8.956667
8.988166
8.969916
8.977667
8.945875
8.958667
8.956875
8.976208
8.994625
8.968458
8.985125
8.978583
8.978709
8.947292
8.992667
8.947375
8.960208
8.945125
8.982708
8.976208
8.949792
8.969167
8.966417
8.983750
8.949042
8.939167
8.982375
8.988666
8.999000
9.004458
8.958084
8.973208
8.957917
8.952000
8.993000
8.965084
8.964334
8.972833
8.963500
8.997833
8.996625
8.950459
9.020542
9.014375
8.958291
9.048917
9.012333
9.054542
9.017667
8.983875
8.955875
8.956875
8.999125
9.016541
8.964166
9.035250
9.042375
9.020292
9.050583
9.032917
8.955000
8.900584
8.938625
8.908584
8.927125
8.946625
8.930917
8.934834
8.920417
8.921291
8.927750
8.970166
8.913500
8.942625
8.920792
8.966667
8.904333
8.922917
8.900834
8.954750
8.900333
8.939708
8.931667
8.937083
8.944167
8.924667
8.957541
8.925708
9.038917
8.950792
8.958084
8.937333
8.956917
8.944750
8.966708
8.970375
8.940250
8.984250
8.879500
8.893250
8.860542
9.044334
9.015625
9.022083
9.003000
9.039917
9.052166
9.015791
8.990375
9.009791
8.995625
9.005583
9.004666
8.989375
9.012417
8.999584
9.045542
9.011833
9.013042
9.035125
9.008583
8.981333
9.026291
8.986208
9.033417
9.009583
9.028333
8.999458
9.027875
9.020834
9.010500
9.036291
9.009583
9.036417
9.041292
8.994208
9.001833
9.025125
9.017083
9.003959
9.087250
8.997375
9.121625
8.988125
9.005875
8.975917
9.034000
9.007875
9.001042
9.011542
9.021000
9.013708
8.999291
9.034833
9.015917
9.028667
9.000333
9.016500
9.014584
10.238959
9.076875
8.997625
9.018875
9.005542
9.041792
9.022500
9.010209
9.022833
9.023167
9.019042
9.022833
9.024667
8.997083
9.040125
9.014042
9.035917
9.029334
9.058500
9.019416
9.042084
9.009667
9.017250
9.020166
9.036375
9.029917
9.002042
9.025417
9.021333
9.024458
9.010041
9.054500
9.008625
9.096833
9.025083
9.024500
9.051083
9.012375
9.023083
8.988583
9.093375
9.040375
9.085542
9.029292
9.053875
9.036417
9.040667
9.027041
9.018667
9.024208
9.031334
9.026166
9.018167
9.051334
9.025333
9.068500
9.029333
9.021333
9.031750
9.031416
9.033459
9.034708
9.054500
9.017958
9.057959
9.017000
9.067500
9.034583
9.070792
9.025041
9.030833
9.011334
9.027291
9.049000
9.016500
9.036041
9.036875
9.127916
9.032041
9.045459
9.055125
9.068708
9.051875
9.032166
9.039917
9.066542
9.034292
9.033083
