21.440125
9.081416
8.949334
8.905583
8.917333
8.860708
8.897333
8.859833
8.858333
8.890709
8.862334
8.891583
8.857583
8.883959
8.840834
8.902000
8.843417
8.882042
8.881792
8.884625
8.841625
8.854042
8.835458
8.868833
8.871375
8.864334
8.878125
8.854792
8.883708
8.853625
8.879792
8.871292
8.893292
8.855084
8.889208
8.845333
8.852500
8.851125
8.866541
8.849416
8.836208
8.838125
8.869750
8.868125
8.856250
8.882833
8.877584
8.906375
8.876208
8.882125
8.880666
8.884250
8.881167
8.882625
8.875666
8.886333
8.906042
8.865084
8.887167
8.866208
8.905333
8.866500
8.913375
8.895125
8.918541
8.867334
8.930917
8.875708
8.895834
8.893250
8.880708
8.911250
8.865875
8.919791
8.881250
8.910666
8.876959
8.897334
8.900083
8.900041
8.894084
8.955333
8.868250
8.887208
8.963167
9.000916
8.903250
8.897667
8.971750
8.893417
8.896791
8.884583
8.892583
8.894041
8.795500
8.853458
8.842875
8.845166
8.849917
8.873000
8.780167
8.924250
8.925375
8.942500
8.903375
8.925792
8.922541
8.913709
8.886084
8.923541
8.913750
8.912042
8.930000
8.962416
9.086458
8.885959
8.899042
8.887541
8.936958
8.903083
8.909083
8.910917
9.029792
8.906834
8.936000
8.898541
8.907417
8.883417
8.916208
8.944500
8.904583
8.934958
8.916875
8.938792
8.917917
8.917750
8.917541
8.921042
8.927125
8.931750
8.894916
8.921833
8.924334
8.899791
8.889709
8.923916
8.908625
8.881833
8.913250
8.903333
8.908833
8.894166
8.898583
8.915792
8.918875
8.909459
8.909084
8.914125
8.907542
8.910459
8.911750
8.957667
8.911833
8.940625
8.987166
8.910125
8.899375
8.939291
8.905750
8.911750
8.951750
8.907916
8.917167
8.899917
8.937250
8.918625
9.015125
8.939584
8.952291
8.937541
8.946583
8.908334
8.939833
8.910583
8.910292
8.917917
8.919792
8.916500
8.910917
8.943541
8.925583
8.914708
8.967834
8.955542
8.926959
8.932167
8.917083
8.931250
8.908625
8.945708
8.948000
8.918167
8.933209
8.955625
8.931792
8.916666
8.956458
8.950125
8.963500
8.918542
8.943791
8.888042
8.957625
8.934042
8.931875
8.942500
8.926125
8.946750
8.944541
8.937583
8.933375
8.958000
8.930708
8.905042
8.968208
8.958750
8.976125
8.978792
8.948458
8.942708
8.956041
8.925708
8.975417
8.979917
8.985750
8.992708
8.946000
8.931792
8.953750
8.973916
8.944458
8.935625
8.940584
8.959083
8.943083
8.951542
8.913292
8.962375
8.950167
8.951208
8.908292
8.944708
8.940208
8.938333
8.971708
8.945916
9.682875
9.016708
8.959167
8.928458
8.952000
8.932417
8.933250
8.923875
8.939333
8.942042
8.924042
8.953042
8.923041
8.939208
8.947750
8.942833
8.924125
8.955292
8.926000
8.948917
8.970833
8.943541
8.947750
8.941625
8.943375
8.932875
8.930791
8.968917
8.952250
8.946250
8.951209
8.933958
8.979792
8.946333
8.936959
8.972167
8.959625
8.950208
8.972292
8.955500
8.962709
8.990875
8.951583
8.965167
8.963667
8.989375
8.946084
8.932625
8.948292
8.972958
8.961416
8.963583
8.963958
8.948333
8.951250
8.950875
8.954250
8.939500
9.052417
8.975875
9.021166
8.931250
8.975458
8.972375
8.965416
8.965166
9.036000
8.992500
9.008792
9.007917
9.004667
9.021625
8.989792
8.980041
8.958500
8.963125
9.009458
8.996000
9.026208
8.983917
9.031917
8.966167
9.016125
8.928834
8.927208
8.880250
8.897667
8.915875
8.912834
8.904166
8.899541
8.918834
8.937500
8.914000
8.923292
8.935125
8.888000
8.959458
8.967792
8.947709
9.001375
8.985875
8.949000
8.914625
8.951417
8.928833
8.939209
8.907791
8.942167
8.854959
9.010417
8.978000
9.016666
9.029416
8.987042
8.996250
8.988542
8.968500
8.958083
9.002750
8.973625
8.997125
8.998875
8.999542
8.974083
8.977375
8.951167
8.970000
8.980791
8.977041
8.966416
8.956500
8.984917
8.957750
8.981166
9.012916
8.991334
8.982167
9.022375
8.963125
9.000166
8.999125
9.002792
9.011167
8.986292
8.981000
8.980000
8.993958
9.005500
9.003709
9.009583
9.001792
9.003583
8.993667
8.984709
8.984125
9.000084
9.021292
8.993833
8.985375
8.995500
8.998833
9.030875
9.005417
9.020792
9.005458
9.012833
9.016459
8.997500
8.993416
8.989625
9.018542
8.992583
9.020583
9.013958
9.031334
8.972125
9.012167
9.006125
9.032375
9.040375
8.995625
9.007709
8.993042
9.011875
9.096458
9.011709
9.017666
9.000791
8.992833
9.008167
9.008417
9.033792
9.016375
8.992834
9.018875
9.003542
9.022334
9.004833
9.040208
9.000250
9.040458
9.025292
9.013167
8.998958
8.988667
9.000834
8.994375
9.016708
8.989375
9.011542
9.003666
9.024333
8.988458
8.981583
9.022958
9.006334
9.036792
9.038875
8.995500
8.995833
9.021375
9.011542
9.120583
9.028125
9.014708
8.994375
9.008708
8.993000
9.015208
9.003750
9.002542
9.025625
8.987792
9.010958
9.030000
8.988292
9.016500
9.016958
9.010125
9.005125
9.006458
9.000375
9.010666
9.011250
9.011417
8.994209
9.049416
9.063542
9.025917
9.010042
9.036125
9.026917
9.007666
9.026916
9.030000
10.298250
9.099750
9.088000
9.026833
9.071000
9.037208
9.031750
9.039250
9.039250
9.033166
9.007916
9.031584
9.014750
9.033500
9.045500
9.044791
9.016333
9.041166
9.040125
9.013667
9.037167
9.048166
9.047917
9.016791
9.053584
9.017167
9.057334
9.013375
9.024167
9.017459
9.038083
9.018333
9.050291
9.020458
9.045125
9.056584
9.013583
9.072083
9.028917
9.048208
9.016750
9.037875
9.033917
9.043375
9.053625
9.033417
9.040750
9.041083
9.086000
9.012750
9.040625
9.049667
9.026917
9.021583
9.026792
9.027333
9.030709
9.069583
9.033958
9.071292
9.022250
9.053584
9.006834
9.041208
9.000083
9.046125
9.042792
9.038667
9.024667
8.973334
9.106250
9.149709
9.227000
9.254250
9.229875
9.199500
9.156709
9.149333
9.089125
9.041333
8.999959
9.054583
9.135500
9.190500
9.149875
9.107375
9.039583
9.056250
