9.346792
8.293250
8.209167
8.164084
8.153833
8.113500
8.180542
8.230000
8.195542
8.138083
8.126458
8.111292
8.147500
8.146083
8.139792
8.114542
8.123291
8.130917
8.222167
8.099000
8.131667
8.122334
8.136750
8.103584
8.127125
8.124500
8.065333
8.101875
8.094917
8.099625
8.065167
8.078958
8.083542
8.121417
8.130750
8.099791
8.079000
8.120542
8.253667
8.099042
8.131583
8.114541
8.101209
8.157125
8.114000
8.099250
8.119250
8.105125
8.092333
8.083792
8.125791
8.107292
8.124917
8.134000
8.087750
8.097542
8.106333
8.137709
8.136875
8.142916
8.133375
8.102875
8.126916
8.084166
8.123834
8.093167
8.141541
8.103292
8.127208
8.155833
8.133541
8.128708
8.133667
8.124000
8.201250
8.087208
8.167042
8.132916
8.172375
8.132334
8.151167
8.102667
8.137250
8.102833
8.166125
8.138958
8.141750
8.121291
8.190333
8.118000
8.128208
8.095625
8.123084
8.110375
8.135084
8.158541
8.135375
8.121292
8.127500
8.072625
8.278500
8.177833
8.154334
8.126959
8.138666
8.147209
8.114250
8.128917
8.126625
8.135042
8.119958
8.201292
8.167000
8.179708
8.151833
8.134291
8.126750
8.124417
8.129541
8.139833
8.187833
8.190792
8.137541
8.164750
8.128208
8.165584
8.124750
8.196417
8.134000
8.132416
8.134917
8.350125
8.170417
8.149458
8.028417
8.118709
8.054084
8.113500
8.051375
8.165375
8.098875
8.065500
8.126875
8.220458
8.234125
8.140625
8.149250
8.144458
8.145584
8.145042
8.138667
8.161542
8.143000
8.130542
8.152250
8.154792
8.152583
8.131750
8.153875
8.135458
8.130667
8.127834
8.143125
8.150583
8.170416
8.140458
8.183833
8.145416
8.156167
8.172708
8.158084
8.127875
8.161542
8.116250
8.130125
8.138833
8.170708
8.156125
8.153792
8.155833
8.170375
8.165250
8.187625
8.130333
8.161583
8.195750
8.201583
8.163083
8.177125
8.195250
8.183583
8.157417
8.165125
8.156292
8.162166
8.148042
8.146750
8.171959
8.139041
8.179708
8.195958
8.159667
8.122625
8.160625
8.151125
8.269208
8.155875
8.184667
8.155125
8.181000
8.137292
8.176709
8.124333
8.161000
8.138041
8.182375
8.157708
8.279125
8.153167
8.202416
8.164791
8.174084
8.158459
8.196000
8.160583
8.183291
8.179958
8.196292
8.161042
8.204250
8.168500
8.183250
8.187041
8.187750
8.196000
8.268917
8.187625
8.177625
8.148292
8.181375
8.164209
8.172416
8.173125
8.176250
8.202959
8.218791
8.164125
8.165209
8.176958
8.150209
8.163542
8.144584
8.175708
8.148208
8.182500
8.158791
8.941250
8.269041
8.206666
8.189458
8.203209
8.177083
8.212791
8.160291
8.211375
8.189000
8.209000
8.235625
8.194459
8.184250
8.202167
8.159959
8.211375
8.161833
8.182709
8.155250
8.183167
8.261417
8.218500
8.177209
8.179833
8.161167
8.167125
8.179041
8.163542
8.209375
8.180209
8.173208
8.176167
8.176708
8.215583
8.213250
8.176875
8.178541
8.208083
8.186917
8.176166
8.209875
8.160958
8.170750
8.191208
8.178583
8.211125
8.196459
8.193541
8.191291
8.204708
8.192417
8.213959
8.230375
8.166834
8.180500
8.187708
8.178708
8.185125
8.187667
8.189500
8.194125
8.184750
8.190625
8.162666
8.199375
8.203417
8.199083
8.223583
8.179167
8.215125
8.226250
8.197958
8.220458
8.193875
8.229625
8.197583
8.250125
8.207542
8.235125
8.193583
8.203875
8.301166
8.222208
8.205625
8.198917
8.210875
8.246042
8.187291
8.200167
8.201417
8.208083
8.196875
8.210083
8.189458
8.187458
8.215791
8.212667
8.205875
8.204709
8.205458
8.263791
8.215458
8.216875
8.220667
8.265792
8.216000
8.227375
8.191708
8.265833
8.186709
8.242333
8.215583
8.236250
8.220333
8.252167
8.239750
8.227958
8.199125
8.213584
8.197000
8.190667
8.278833
8.202917
8.226042
8.195084
8.254542
8.189083
8.225417
8.180125
8.220750
8.202334
8.218708
8.200667
8.254375
8.183333
8.235250
8.229542
8.254041
8.188125
8.193083
8.194834
8.202834
8.203667
8.203625
8.207500
8.203500
8.201208
8.228416
8.209084
8.224833
8.206875
8.228417
8.220375
8.216417
8.211542
8.287541
8.206916
8.223042
8.214375
8.216250
8.197875
8.221791
8.203875
8.195667
8.195833
8.214667
8.216000
8.257542
8.211250
8.237917
8.216125
8.250375
8.195917
8.272834
8.204875
8.214458
8.223541
8.297625
8.202334
8.225667
8.221125
8.248500
8.210375
8.239250
8.230834
8.252792
8.212875
8.234542
8.210000
8.250917
8.225542
8.218416
8.179541
8.256584
8.233750
8.261042
8.252083
8.230084
8.226875
8.240959
8.227167
8.233000
8.262542
8.219083
8.200709
8.228292
8.229958
8.211917
8.258292
8.224708
8.228458
8.225625
8.252375
8.197375
8.243333
8.231958
8.248917
8.237667
8.235750
8.274500
8.241458
8.214667
8.266792
8.201458
8.272959
8.241917
8.259833
8.321958
8.246625
8.237333
8.307625
8.234000
8.335125
8.240708
8.288500
8.244833
8.270041
8.286166
8.282375
8.262959
8.344709
8.310375
8.263083
8.412292
8.286125
8.248625
8.267833
8.262917
8.341250
8.230750
8.272916
8.264750
8.241084
8.218042
8.279792
9.593333
8.380625
8.230291
8.285625
8.236625
8.263791
8.287791
8.272833
8.239542
8.271916
8.314042
8.266500
8.225791
8.348250
8.221542
8.263792
8.264166
8.252208
8.247250
8.258166
8.257083
8.244333
8.266583
8.272250
8.219958
8.237542
8.254750
8.256292
8.230958
8.260500
8.264208
8.260500
8.249625
8.286833
8.235708
8.293000
8.271958
8.253791
8.259333
8.275250
8.264333
8.279834
8.273083
8.285458
8.257000
8.258292
8.252041
8.308125
8.262916
8.258042
8.244500
8.276375
8.269042
8.258458
8.219458
8.287292
8.275542
8.288459
8.314833
8.351333
8.286125
8.300375
8.270875
8.267292
8.262292
8.276000
8.259584
8.278750
8.260166
8.300167
8.282250
8.274000
8.263625
8.293125
8.293209
8.276250
8.278959
8.288875
8.335375
8.285875
8.281541
8.285500
8.268500
8.270083
8.260708
8.273708
8.294292
8.320959
