9.971541
8.490959
8.470458
8.360125
8.596458
8.337750
8.488042
8.308625
8.393166
8.265750
8.370500
8.262250
8.399417
8.339292
8.522917
8.339875
8.445041
8.293125
8.414000
8.274542
8.384500
8.269917
8.380166
8.280541
8.383875
8.290334
8.461792
8.288916
8.420209
8.266292
8.417000
8.289333
8.384333
8.278208
8.408083
8.292500
8.389333
8.264667
8.422916
8.275333
8.398166
8.282625
8.455834
8.283250
8.425000
8.298292
8.409792
8.316208
8.444375
8.376667
8.417291
8.317459
8.439917
8.275417
8.400458
8.290250
8.386458
8.309541
8.412750
8.284834
8.415167
8.347792
8.347500
8.415917
8.329583
8.436750
8.369958
8.362042
8.334958
8.381500
8.346584
8.397416
8.359625
8.402458
8.347167
8.422459
8.439208
8.474000
8.325959
8.427209
8.341792
8.324083
8.345209
8.339833
8.338417
8.399709
8.367042
8.345708
8.324042
8.346459
8.338417
8.374625
8.345333
8.374584
8.333167
8.378084
8.339708
8.353833
8.317375
8.341833
8.330375
8.344042
8.324959
8.344375
8.352125
8.347959
8.325500
8.352292
8.259916
8.481125
8.381000
8.357125
8.332084
8.402500
8.335583
8.367375
8.315416
8.351792
8.337292
8.344500
8.345250
8.363958
8.333416
8.386666
8.339375
8.356417
8.324500
8.351000
8.345667
8.366750
8.317792
8.352000
8.337708
8.343209
8.392167
8.420041
8.360750
8.431792
8.403209
8.505584
8.382583
8.408209
8.343417
8.416791
8.341291
8.387166
8.350000
8.379208
8.355875
8.373042
8.323458
8.384666
8.336292
8.386958
8.338083
8.381750
8.331833
8.406417
8.322166
8.389958
8.328375
8.469667
8.356250
8.410750
8.317375
8.414958
8.313917
8.426750
8.352792
8.420583
8.323125
8.438041
8.377708
8.459042
8.360958
8.579416
8.346958
8.523209
8.332542
8.446042
8.340042
8.459042
8.328666
8.405500
8.336708
8.442500
8.347000
8.457958
8.308750
8.413667
8.355958
8.418667
8.341375
8.418875
8.317250
8.418667
8.343875
8.439541
8.372708
8.365625
