9.478000
8.419292
8.469959
8.394334
8.350750
8.300125
8.362875
8.357750
8.357500
8.303708
8.344542
8.290250
8.327875
8.315833
8.299541
8.352417
8.303458
8.377375
8.308750
8.345584
8.298541
8.250291
8.312500
8.284500
8.407584
8.268208
8.381208
8.282166
8.356541
8.311875
8.337542
8.270917
8.399958
8.319291
8.365250
8.279167
8.363500
8.256125
8.319250
8.266333
8.306375
8.272542
8.311334
8.275334
8.330583
8.261209
8.332042
8.306166
8.330375
8.304041
8.300458
8.295500
8.281583
8.297625
8.309500
8.285583
8.308875
8.286333
8.304416
8.300041
8.322500
8.305917
8.307625
8.289917
8.317167
8.266417
8.298500
8.321375
8.300208
8.292875
8.318541
8.306541
8.290000
8.282209
8.308583
8.279000
8.279500
8.294834
8.323375
8.317125
8.312167
8.278208
8.322750
8.290917
8.325125
8.285875
8.326833
8.282792
8.389083
8.291750
8.425458
8.352583
8.325875
8.313166
8.332625
8.298709
8.314083
8.224416
8.439292
8.305417
8.408500
8.334750
8.330750
8.325125
8.315792
8.298083
8.397333
8.314125
8.318417
8.292542
8.402375
8.323250
8.320000
8.309625
8.412625
8.330041
8.354458
8.279875
8.461583
8.320667
8.325041
8.303250
8.315042
8.320334
8.335750
8.310791
8.323042
8.221625
8.434625
8.377750
8.370875
8.328541
8.334416
8.302416
8.334875
8.312333
8.316750
8.364042
8.332167
8.306250
8.323000
8.319083
8.348083
8.319166
8.324333
8.299000
8.334667
8.302584
8.318000
8.302625
8.412125
8.311875
8.326875
8.303458
8.330000
8.324042
8.385625
8.321209
8.329667
8.331334
8.351375
8.367125
8.364042
8.331750
8.380000
8.345708
8.384625
8.318666
8.346791
8.332333
8.333125
8.338792
8.323875
8.315667
8.320041
8.305208
8.335250
8.294333
8.328125
8.305459
8.342500
8.342958
8.338042
8.309916
8.318416
8.314958
8.324708
8.318125
8.323959
8.320416
8.347042
8.315916
8.302166
8.353584
8.330833
8.359750
8.333375
8.326916
8.411208
8.325917
8.370458
8.328291
8.349416
8.350375
8.376250
8.349708
8.405417
8.354833
8.357084
8.347709
8.365875
8.351208
8.385417
8.342125
8.385333
8.332875
8.344625
8.355417
8.383708
8.345416
8.350166
8.332333
8.359292
8.337834
8.355834
8.354667
8.361292
8.325541
8.353958
8.335875
8.367834
8.335750
8.367708
8.361417
8.354834
8.353833
8.462709
8.372417
8.384625
8.331584
8.350833
8.357875
8.371083
8.364833
8.372917
8.342791
8.372250
8.344875
8.390708
8.344167
8.399916
8.334916
8.461875
8.415542
8.359250
8.363333
9.072375
8.414542
8.386125
8.347291
8.386625
8.344333
8.358458
8.348333
8.415500
8.327291
8.402584
8.361167
8.407250
8.402416
8.391917
8.386500
8.393791
8.359209
8.373666
8.364625
8.397250
8.340583
8.374250
8.347417
8.373084
8.343000
8.373750
8.333042
8.399292
8.324041
8.356750
8.399167
8.377000
8.330625
8.352292
8.356500
8.377292
8.373750
8.391958
8.391083
8.380500
8.376750
8.415250
8.356625
8.344250
8.353209
8.343208
8.356625
8.369750
8.369708
8.362333
8.345542
8.354667
8.363458
8.367917
8.352666
8.379167
8.358834
8.346250
8.356750
8.372375
8.318250
8.384250
8.407875
8.386583
8.396417
8.360667
8.352583
8.369084
8.361208
8.376375
8.357875
8.405666
8.377584
8.422708
8.367125
8.368500
8.381167
8.393500
8.368459
8.386875
8.358958
8.354500
8.355084
8.378209
8.390583
8.380125
8.413833
8.391417
8.403333
8.368041
8.384125
8.361125
8.361875
8.354958
8.358875
8.379125
8.376792
8.433416
8.400625
8.387750
8.374667
8.383917
8.378000
8.391000
8.405667
8.429500
8.404833
8.379375
8.394542
8.393292
8.406292
8.371166
8.397209
8.370375
8.404333
8.362916
8.397542
8.375459
8.385917
8.399916
8.389875
8.395292
8.380459
8.377167
8.402166
8.399125
8.393834
8.386042
8.414541
8.417209
8.432834
8.415041
8.405834
8.397208
8.398709
8.383667
8.406334
8.400791
8.395459
8.367958
8.424958
8.411125
8.406041
8.408875
8.378375
8.378708
8.420292
8.370333
8.429208
8.399125
8.416542
8.390208
8.509000
8.454084
8.359250
8.396792
8.389625
8.392833
8.401792
8.417750
8.426250
8.387000
8.432541
8.379875
8.394792
8.375292
8.395917
8.390500
8.377459
8.404375
8.396084
8.368917
8.378459
8.397250
8.401834
8.376375
8.378833
8.403708
8.392333
8.455792
8.410417
8.401792
8.448000
8.390292
8.392292
8.378209
8.432083
8.384208
8.414416
8.399250
8.416959
8.388542
8.448750
8.385750
8.497333
8.471833
8.473584
8.442292
8.395625
8.394541
8.384417
8.416917
8.422083
8.419375
8.392291
8.388000
8.415625
8.400208
8.418791
8.407459
8.397959
8.430625
8.395083
8.481292
8.399250
8.391167
8.388875
8.415333
8.402458
8.436708
8.403375
8.438333
8.407750
8.425958
8.411833
8.439834
8.412584
8.433708
8.425125
8.420875
8.402291
8.443292
8.428209
8.427792
8.424500
8.451833
8.444291
8.455417
8.417500
8.439167
8.415417
8.442208
8.413583
8.411250
8.399041
8.451666
8.466708
8.504417
8.426042
8.483250
8.425000
8.466708
8.482709
8.446458
8.415084
9.714959
8.495125
8.469667
8.390959
8.438250
8.417125
8.433709
8.386500
8.424125
8.395291
8.432000
8.398833
8.440709
8.434459
8.426917
8.431417
8.441958
8.482583
8.427208
8.415334
8.418750
8.439000
8.433583
8.429458
8.413291
8.431792
8.452959
8.446125
8.416000
8.455250
8.421083
8.470625
8.428000
8.437875
8.424792
8.429291
8.429291
8.407125
8.469125
8.434208
8.440959
8.488833
8.423667
8.480584
8.400708
8.462792
8.439208
8.483916
8.442834
8.530459
8.440917
8.444458
8.431042
8.489125
8.423834
8.431459
8.445375
8.446833
8.450417
8.485208
8.458500
8.461083
8.492500
8.460292
8.428875
8.497792
8.435375
8.475417
8.459708
8.474792
8.441166
8.469833
8.437542
8.475042
8.465791
8.459917
8.466125
8.490083
8.429458
8.460042
8.434834
8.446708
8.407292
8.468166
8.433041
8.462417
8.405250
8.440292
