5777
83
350
378
83367
28819
268
20896
2206
395
340
14486
81
572
340
24721
8709
83
9924
2180
457
462
13385
13401
340
2818
14292
1120
81
855
340
14486
1013
445
8004
4047
367
9438
23405
1157
2834
1251
3074
4047
367
2843
2602
7773
11709
83
350
378
12189
13455
268
60974
340
17047
1069
853
3999
12847
81
25410
5221
81
2763
20412
81
372
9769
9380
750
2703
340
13551
3481
83
268
532
8685
492
99
350
5623
1832
340
16201
5273
493
4151
81
4423
466
8440
83367
28819
83
2777
572
1659
340
5991
509
902
1234
5777
83
350
378
83367
28819
268
20896
2206
395
340
14486
81
572
340
24721
8709
83
9924
2180
457
462
13385
13401
340
2818
14292
1120
81
855
340
14486
1013
445
8004
4047
367
9438
23405
1157
2834
1251
3074
4047
367
2843
2602
7773
11709
83
350
378
12189
13455
268
60974
340
17047
1069
853
3999
12847
81
25410
5221
81
2763
20412
81
372
9769
9380
750
2703
340
13551
3481
83
268
532
8685
492
99
350
5623
1832
340
16201
5273
493
4151
81
4423
466
