9.224333
8.242417
8.141000
8.170541
8.121458
8.154416
8.092875
8.152958
8.117875
8.114458
8.082042
8.097625
8.106666
8.100167
8.073709
8.089292
8.090375
8.125542
8.086500
8.101041
8.140584
8.094667
8.098417
8.099625
8.089042
8.080250
8.089042
8.077291
8.100958
8.109292
8.106041
8.096500
8.113000
8.080667
8.093708
8.103958
8.140917
8.113791
8.144083
8.132625
8.149500
8.100584
8.158042
8.130750
8.150000
8.090583
8.131416
8.090209
8.121375
8.106500
8.178917
8.130042
8.141208
8.145583
8.120375
8.148875
8.125500
8.144250
8.105458
8.119209
8.091792
8.167542
8.086667
8.122833
8.135667
8.249250
8.116708
8.175667
8.075417
8.170708
8.118833
8.160791
8.121375
8.173125
8.145792
8.185417
8.090541
8.142916
8.129291
8.148959
8.116083
8.188667
8.108042
8.162209
8.178000
8.213083
8.250292
8.210958
8.109500
8.154209
8.106875
8.129709
8.125000
8.141167
8.113584
8.121417
8.145417
8.170459
8.174500
8.175666
8.181500
8.147125
8.178459
8.248208
8.310458
8.231542
8.316042
8.254667
8.298000
8.247000
8.332209
8.264583
8.264208
8.247458
8.290917
8.270333
8.275375
8.250708
8.457542
8.281041
8.290667
8.275292
8.285917
8.263875
8.314166
8.303875
8.309875
8.254458
8.312500
8.294291
8.339500
8.321292
8.312667
8.315000
8.287167
8.364958
8.315042
8.368083
8.359041
8.335375
8.334833
8.278500
8.290250
8.250709
8.317208
8.273792
8.305875
8.378916
8.375709
8.319917
8.328625
8.295958
8.372916
8.281292
8.372750
8.263500
8.391792
8.303417
8.400666
8.282125
8.393166
8.318542
8.342292
8.282792
8.364459
8.309709
8.363125
8.285834
8.359500
8.293541
8.390166
8.320583
8.380666
8.302708
8.317458
8.285875
8.373750
8.283417
8.418792
8.293291
8.435833
8.400708
8.324583
8.332541
8.311125
8.351625
8.326291
8.340792
8.354125
8.357625
8.353250
8.288291
8.344750
8.332166
8.348083
8.293583
8.328041
8.313792
8.331625
8.343583
8.325542
8.337417
8.345292
8.322084
8.330500
8.403916
8.365167
8.295584
8.316916
8.294125
8.311333
8.344625
8.322042
8.330750
8.301166
8.374958
8.369042
8.336916
8.367000
8.291333
8.345083
8.287417
8.340625
8.359125
8.351334
8.302000
8.361333
8.282125
8.328000
8.345000
8.325083
8.328208
8.349708
8.315375
8.362500
8.309875
8.318166
8.327416
8.362709
8.350917
8.382542
8.298125
8.359208
8.310542
8.351334
8.279333
8.369042
8.332792
8.381333
8.311042
8.349541
8.285917
8.346958
8.303791
8.352833
8.349084
8.988166
8.374208
8.370667
8.305792
8.349833
8.309667
8.347417
8.284792
8.337625
8.298250
8.325000
8.307708
8.333209
8.317875
8.305334
8.311500
8.344375
8.321000
8.322834
8.334375
8.312375
8.258000
8.390125
8.295666
8.340042
8.296750
8.358708
8.290417
8.329458
8.294625
8.327333
8.311625
8.343792
8.279334
8.339500
8.310375
8.352500
8.303875
8.371209
8.313250
8.330833
8.307417
8.366625
8.350834
8.369250
8.317833
8.365666
8.308375
8.368334
8.318917
8.355417
8.310458
8.345333
8.304291
8.359041
8.325834
8.347542
8.318083
8.339958
8.323667
8.355834
8.336042
8.358209
8.306500
8.354125
8.291125
8.330959
8.346625
8.344583
8.294000
8.365917
8.335500
8.351667
8.332709
8.345750
8.299042
8.345459
8.329125
8.324083
8.319375
8.357333
8.313959
8.332208
8.303542
8.352666
8.323791
8.353750
8.304500
8.360750
8.330083
8.358292
8.345292
8.364042
8.303833
8.350458
8.312625
8.352916
8.316709
8.365000
8.329125
8.352208
8.331167
8.347708
8.332750
8.361583
8.309917
8.387958
8.332875
8.363375
8.324416
8.388792
8.331292
8.382625
8.358459
8.384250
8.349375
8.352667
8.369500
8.335042
8.335833
8.369917
8.359417
8.376959
8.338208
8.337000
8.385958
8.363375
8.382291
8.370250
8.358958
8.365792
8.353625
8.364875
8.360291
8.376292
8.352083
8.374750
8.355667
8.369042
8.367125
8.367666
8.329042
8.390667
8.319041
