10.063500
8.879667
8.909958
8.789959
8.730417
8.790583
8.715500
8.738000
8.703250
8.747500
8.704500
8.741208
8.740750
8.731292
8.731125
8.740083
8.692417
8.722333
8.719916
8.735500
8.712500
8.726958
8.737500
8.732292
8.743458
8.714208
8.741917
8.695667
8.771750
8.715792
8.754791
8.689166
8.730917
8.728334
8.773375
8.752709
8.747083
8.745708
8.752375
8.736542
8.738958
8.724833
8.738958
8.749917
8.750750
8.765667
8.748667
8.749625
8.756708
8.712875
8.741541
8.786209
8.748833
8.759042
8.757166
8.761958
8.755583
8.767958
8.770209
8.786542
8.763208
8.765500
8.771792
8.781542
8.772084
8.758500
8.787958
8.725916
8.794875
8.736000
8.795042
8.820667
8.769958
8.773416
8.762917
8.743416
8.772500
8.772125
8.731542
8.758708
8.835834
8.820792
8.776333
8.768875
8.755917
8.769542
8.725750
8.775209
8.747000
8.765459
8.820292
8.766084
8.748583
8.789959
8.737791
8.770916
8.748500
8.798167
8.756000
8.776250
8.764417
8.747208
8.779750
8.769583
8.774667
8.719459
8.759041
8.709333
8.766625
8.871875
8.792834
8.797959
8.765375
8.765959
8.748833
8.793584
8.769583
8.757584
8.753333
8.781041
8.804792
8.803916
8.783542
8.807917
8.746584
8.784000
8.737875
8.799750
8.755500
8.770666
8.750792
8.774875
8.772625
8.796000
8.755958
8.764125
8.749583
8.854875
8.820416
8.768750
8.787000
8.769959
8.780500
8.767625
8.793584
8.747042
8.788875
8.760833
8.791833
8.807959
8.769333
8.772875
8.793084
8.772959
8.768333
8.800250
8.791875
8.764541
8.789125
8.787417
8.793292
8.795417
8.790625
8.766334
8.785792
8.802833
8.802625
8.784667
8.800791
8.803083
8.813792
8.787416
8.769750
8.789792
8.822458
8.793333
8.810541
8.818209
8.786917
8.764208
8.790667
8.751042
8.792250
8.731250
8.791167
8.788667
8.814541
8.776166
8.805333
8.807667
8.788250
8.799916
8.801500
8.801459
8.792375
8.826416
8.814041
8.822500
8.777750
8.786542
8.769792
8.844125
8.790583
8.816625
8.821792
8.826334
8.806708
8.801500
8.784542
8.808208
8.832250
8.842000
8.813666
8.813666
8.839083
8.767125
8.798917
8.794125
8.813000
8.792417
8.797292
8.791667
8.804208
8.804208
8.811792
8.815791
8.820041
8.772375
8.811250
8.797917
8.795375
8.832625
8.866958
8.824042
8.881250
8.826708
8.808750
8.831792
8.794250
8.824125
8.804959
8.822583
8.827792
8.816167
8.809583
8.816375
8.845708
8.807541
8.822458
8.802625
8.828250
8.832583
8.812833
8.891083
8.838750
8.796792
9.531917
8.925458
8.828541
8.845917
8.803791
8.825167
8.820208
8.816583
8.828625
8.805250
8.787667
8.836250
8.823208
8.823959
8.818583
8.828333
8.829625
8.816041
8.806459
8.817375
8.815209
8.829167
8.819250
8.838375
8.814834
8.814791
8.825792
8.824042
8.815500
8.823833
8.803084
8.816917
8.831791
8.842792
8.813208
8.814125
8.812625
8.814125
8.835042
8.854250
8.822584
8.823000
8.818583
8.843000
8.785667
8.841500
8.807500
8.846041
8.791875
8.805541
8.828875
8.839958
8.829750
8.849208
8.834625
8.799791
8.829375
8.804584
8.844833
8.833417
8.820333
8.821750
8.831792
8.808334
8.861375
8.853542
8.861500
8.853375
8.813125
8.842292
8.833417
8.844458
8.833625
8.851041
8.828542
8.836625
8.777333
8.885292
8.814709
8.836875
8.832708
8.852375
8.843750
8.860291
8.783125
8.816291
8.830708
8.836042
8.858042
8.916917
8.858000
8.863958
8.839750
8.795833
8.848791
8.822875
8.847500
8.848417
8.860042
8.865792
8.848292
8.849000
8.834833
8.826333
8.860459
8.862542
8.864625
8.885250
8.815916
8.865292
8.816083
8.855291
8.827292
8.841209
8.857209
8.852209
8.867167
8.860917
8.918042
8.864167
8.871375
8.907750
8.854250
8.855000
8.865875
8.845208
8.837750
8.851416
8.875000
8.859875
8.858625
8.885500
8.871917
8.872417
8.847458
8.861292
8.847417
8.896125
8.832083
8.882250
8.874875
8.883917
8.828250
8.874042
