9.937458
8.678625
8.547250
8.662208
8.576250
8.645041
8.742625
8.698917
8.629083
8.638292
8.591875
8.649709
8.561208
8.655250
8.613000
8.642292
8.531250
8.629667
8.602500
8.656833
8.701250
8.691333
8.606250
8.606625
8.547750
8.564750
8.583000
8.564583
8.562000
8.615333
8.603708
8.571542
8.589375
8.590250
8.673417
8.614625
8.615166
8.567750
8.605834
8.566916
8.561416
8.559792
8.578291
8.560042
8.553458
8.540084
8.633583
8.642209
8.614125
8.555125
8.561917
8.583833
8.637750
8.594208
8.634959
8.574666
8.623541
8.621000
8.627875
8.649750
8.570541
8.645875
8.575291
8.639125
8.679209
8.688792
8.668750
8.662167
8.663417
8.638666
8.610792
8.648375
8.614250
8.693791
8.593583
8.612333
8.538833
8.629500
8.640833
8.645458
8.643917
8.685542
8.631542
8.640042
8.614708
8.660292
8.734625
8.677917
8.645916
8.616208
8.691833
8.598209
8.631458
8.644333
8.804583
8.667125
8.698542
8.605334
8.630084
8.574958
8.679583
8.641792
8.672667
8.611459
8.658375
8.626500
8.647834
8.552958
8.702625
8.590167
8.619875
8.600333
8.607000
8.644708
8.684375
8.614000
8.620208
8.651042
8.645708
8.667750
8.578250
8.698417
8.695000
8.815333
8.808958
8.725750
8.596125
8.728250
8.703750
8.700958
8.621083
8.660208
8.652334
8.758208
8.642500
8.666166
8.674250
8.656125
8.616208
8.630542
8.623959
8.606459
8.647333
8.658375
8.674458
8.652958
8.628250
8.576166
8.629417
8.614708
8.616417
8.648291
8.659291
8.664208
8.655375
8.595500
8.630458
8.583292
8.650250
8.619667
8.572917
8.526708
8.579084
8.615584
8.645083
8.729084
8.664083
8.671458
8.574000
8.582875
8.586167
8.600292
8.605458
8.632958
8.636625
8.695541
8.647417
8.607167
8.581875
8.607541
8.653500
8.661167
8.631333
8.705958
8.652334
8.628250
8.586792
8.795959
8.645750
8.683917
8.679125
8.679625
8.676958
8.683084
8.602542
8.611417
8.952125
8.968167
9.258334
9.109542
9.097583
9.088541
9.117500
9.037625
9.029666
8.897125
8.910584
9.026958
8.911125
8.786333
8.763958
8.751042
8.722375
8.809708
8.695042
8.801041
8.714541
8.825750
8.803333
8.844083
8.862458
8.813625
8.810125
8.790167
8.732292
8.751583
8.786209
8.753500
8.768708
8.838709
8.703000
8.732625
8.794625
8.674791
8.779834
8.727459
8.657500
8.789792
8.754292
8.781750
8.743000
8.780167
8.803792
8.755916
8.747041
8.651125
8.630250
8.703166
8.708917
8.633084
8.717792
8.719583
8.794875
8.710709
8.823416
8.875250
9.466209
8.856333
8.791375
8.851291
8.787584
8.727167
8.818375
8.877250
8.670542
8.809000
8.835000
8.773667
8.790334
8.946000
8.842875
8.850500
8.930375
8.971750
8.943333
8.874542
8.846791
8.847166
8.854458
8.862917
8.811375
8.914250
8.849583
8.876000
8.865667
8.888084
8.829000
8.974083
8.876042
8.985042
8.877291
8.837208
8.876500
8.831708
8.885583
8.868708
8.873250
8.859834
8.908875
8.875958
8.855333
8.841958
8.877541
8.852333
8.863083
8.833708
8.883875
8.954166
8.936333
9.045833
9.026292
8.973792
8.944875
8.963625
8.994250
8.979250
8.861000
8.885583
8.869042
8.849792
8.868542
8.891917
8.889916
8.846792
8.888625
8.830416
8.877250
8.881375
8.870958
8.829209
8.889625
8.854834
8.875125
8.863334
8.873875
8.862875
8.864708
8.887334
8.869625
8.805583
8.804125
8.768791
8.907458
8.860750
8.895000
8.882542
8.867083
8.867791
8.864334
8.893750
8.864959
8.875000
8.826875
8.871166
8.853500
8.875250
8.849917
8.870583
8.848458
8.866292
8.862208
8.885083
8.833584
8.886584
8.881875
8.868625
8.851542
8.830209
8.861333
8.862458
8.857208
8.861250
8.870667
8.869250
8.863375
8.877167
8.852209
8.880125
8.844792
8.875042
8.841584
8.940667
8.853500
8.861333
8.856750
8.873500
8.853208
8.885250
8.860750
8.861917
8.851000
8.878000
8.860250
8.862875
8.866292
8.890500
8.880625
8.861000
8.903708
8.827416
