9.392084
8.334959
8.240167
8.235625
8.190916
8.229000
8.195625
8.273750
8.248667
8.217792
8.267208
8.192875
8.199458
8.190166
8.233666
8.270834
8.221750
8.198791
8.179875
8.221125
8.188625
8.217875
8.229625
8.199541
8.234125
8.183042
8.222417
8.227542
8.225250
8.214500
8.233000
8.230125
8.228208
8.219417
8.208208
8.218167
8.239125
8.212916
8.205417
8.218083
8.235250
8.227792
8.230792
8.177208
8.196458
8.222792
8.223041
8.207916
8.239834
8.226750
8.219583
8.175125
8.196375
8.198417
8.250834
8.200875
8.224917
8.238542
8.215584
8.247041
8.253875
8.214375
8.205375
8.200292
8.230792
8.178875
8.249750
8.193500
8.220958
8.183208
8.273542
8.270292
8.258500
8.195084
8.248125
8.185791
8.227250
8.196208
8.188917
8.253083
8.226000
8.211000
8.189667
8.208333
8.209000
8.186917
8.220416
8.204083
8.262709
8.165833
8.226833
8.222125
8.254917
8.303250
8.241917
8.183042
8.276500
8.172834
8.176750
8.149500
8.189042
8.163250
8.191458
8.173125
8.188125
8.216000
8.243334
8.234708
8.235875
8.229458
8.312542
8.302834
8.253959
8.228542
8.257167
8.236667
8.242500
8.230375
8.230833
8.253583
8.242041
8.232375
8.242583
8.230500
8.227750
8.209500
8.245833
8.267625
8.272458
8.228625
8.255083
8.220042
8.271208
8.242292
8.311875
8.260000
8.208333
8.229542
8.252584
8.219166
8.270708
8.270583
8.284292
8.266166
8.255584
8.215167
8.241875
8.269125
8.229292
8.210458
8.236584
8.197750
8.243750
8.240875
8.189792
8.237041
8.236833
8.278083
8.229000
8.247500
8.213708
8.249500
8.243667
8.252541
8.251084
8.270167
8.244625
8.237958
8.253250
8.234541
8.269250
8.245916
8.203416
8.211000
8.226458
8.211583
8.242083
8.240333
8.233625
8.264541
8.259000
8.264709
8.224333
8.302250
8.142959
8.293958
8.234333
8.257042
8.227208
8.265959
8.219042
8.265083
8.255958
8.264708
8.256666
8.215750
8.310292
8.329083
8.316542
8.246084
8.253042
8.238500
8.245458
8.266834
8.290500
8.305292
8.289042
8.230666
8.241167
8.215583
8.191000
8.225542
8.270083
8.232250
8.225083
8.261042
8.224709
8.243375
8.261583
8.222583
8.269833
8.227750
8.283208
8.256250
8.259791
8.227083
8.273959
8.272583
8.322625
8.289125
8.275000
8.275459
8.239167
8.249917
8.293458
8.228125
8.281208
8.218334
8.253250
8.235208
8.281083
8.236167
8.286750
8.247667
8.218333
8.231708
8.274583
8.237375
8.264125
8.218916
8.311958
8.271666
8.237791
8.232833
8.301500
8.267584
8.944666
8.334375
8.253292
8.376000
8.333667
8.275875
8.291375
8.256000
8.257958
8.278000
8.279042
8.273166
8.306750
8.277667
8.303375
8.272834
8.296917
8.282416
8.280791
8.245875
8.252375
8.230167
8.313625
8.226250
8.300375
8.223709
8.259292
8.246833
8.287042
8.234167
8.297375
8.242291
8.304083
8.274916
8.274458
8.260417
8.303541
8.281959
8.303250
8.278917
8.300791
8.239666
8.235541
8.290583
8.306917
8.241458
8.244708
8.257541
8.336333
8.254208
8.301542
8.246458
8.303750
8.288459
8.338750
8.306375
8.345041
8.271083
8.278250
8.262584
8.303208
8.273583
8.321792
8.331834
8.296333
8.388417
8.463583
8.331708
8.339834
8.312583
8.332625
8.243958
8.342084
8.277041
8.292833
8.247917
8.311833
8.294416
8.382583
8.287125
8.353583
8.257583
8.402041
8.272750
8.376916
8.268875
8.370250
8.281084
8.424708
8.305792
8.347542
8.290375
8.361792
8.307667
8.403250
8.274375
8.364208
8.294042
8.368334
8.287500
8.378417
8.302542
8.385000
8.306166
8.350250
8.259958
8.350916
8.284791
8.427750
8.266417
8.393334
8.322750
8.361000
8.297666
8.331709
8.299208
8.373458
8.268542
8.424042
8.256208
8.409958
8.322334
8.307958
8.292750
8.377042
8.274167
8.392750
8.263375
8.480416
8.407875
8.315625
8.354708
8.335292
8.348958
8.294458
8.373333
8.285417
8.373792
8.327209
8.341375
8.326625
8.340042
8.317417
8.335834
