9.482750
8.366667
8.304500
8.262916
8.281375
8.244041
8.269625
8.212250
8.209666
8.313958
8.250125
8.191125
8.206875
8.123708
8.201042
8.152583
8.118958
8.148291
8.280416
8.367625
8.365875
8.304083
8.240167
8.262292
8.264500
8.266833
8.244583
8.245583
8.264083
8.240708
8.274583
8.257667
8.252375
8.277291
8.272209
8.272375
8.261833
8.251875
8.275791
8.266167
8.252750
8.289750
8.293584
8.261084
8.277292
8.275792
8.246500
8.265958
8.280792
8.253167
8.287125
8.253750
8.253667
8.251500
8.274375
8.260458
8.246625
8.257958
8.269292
8.248333
8.273333
8.268541
8.243834
8.254083
8.280625
8.261334
8.331959
8.293542
8.365959
8.279292
8.244583
8.278083
8.266875
8.275667
8.259875
8.242166
8.223083
8.218291
8.382084
8.341542
8.245708
8.286541
8.283958
8.279792
8.245708
8.270042
8.212500
8.250500
8.252292
8.252167
8.237792
8.288416
8.236417
8.281084
8.248250
8.298833
8.230125
8.289708
8.296708
8.282417
8.264583
8.300542
8.243166
8.276750
8.250375
8.302292
8.273500
8.304208
8.288042
8.332417
8.380750
8.314333
8.267750
8.286834
8.287667
8.305083
8.267000
8.307291
8.305000
8.281000
8.283375
8.302958
8.268750
8.304583
8.264500
8.295792
8.290125
8.271584
8.290250
8.340000
8.286667
8.298375
8.301000
8.266458
8.296750
8.265000
8.286125
8.291458
8.280125
8.361083
8.388625
8.309042
8.295833
8.291167
8.301833
8.282875
8.317583
8.290167
8.292917
8.312666
8.286292
8.337375
8.315334
8.328333
8.313375
8.312167
8.352750
8.302084
8.359792
8.325750
8.410792
8.334042
8.303375
8.322625
8.297292
8.300417
8.369958
8.307292
8.349083
8.324958
8.432458
8.329834
8.296250
8.347917
8.338709
8.310000
8.297417
8.306375
8.312125
8.335667
8.346333
8.314167
8.345541
8.306959
8.368416
8.301292
8.351667
8.327417
8.326583
8.331750
8.351625
8.312375
8.354166
8.293292
8.359167
8.297667
8.382250
8.301167
8.359291
8.348417
8.326625
8.310834
8.343458
8.337042
8.321917
8.342750
8.326291
8.302500
8.371667
8.310333
8.465458
8.337875
8.363584
8.325583
8.307250
8.334667
8.305208
8.321250
8.331958
8.332583
8.325542
8.316667
8.325125
8.312083
8.317166
8.303375
8.452292
8.344791
8.319667
8.351167
8.338208
8.370000
8.313708
8.348333
8.328500
8.331834
8.328333
8.322042
8.338250
8.353125
8.311375
8.361833
8.295541
8.318708
8.325667
8.314667
8.350208
8.324750
8.319375
8.322542
8.321958
8.337500
8.354541
8.346750
8.351208
8.300875
9.003667
8.387334
8.377708
8.336792
8.318375
8.321708
8.327083
8.311041
8.313000
8.337791
8.324542
8.336375
8.332500
8.351792
8.330334
8.349000
8.337500
8.317583
8.337333
8.337958
8.321875
8.326041
8.325333
8.305625
8.346792
8.325625
8.342458
8.336709
8.324417
8.330166
8.363167
8.327791
8.323916
8.325792
8.336250
8.358250
8.389083
8.317791
8.321959
8.334792
8.340667
8.342542
8.319167
8.383375
8.327833
8.364375
8.361292
8.341917
8.342208
8.331583
8.319875
8.336291
8.325459
8.350666
8.349750
8.325125
8.343542
8.341792
8.338834
8.356209
8.350250
8.311291
8.330834
8.339750
8.249875
8.341875
8.364625
8.304500
8.237250
8.319625
8.417917
8.399041
8.261000
8.295417
8.266959
8.196208
8.231666
8.290000
8.266708
8.194542
8.204584
8.381000
8.334334
8.354791
8.289250
8.439333
8.378583
8.378542
8.340791
8.317084
8.408667
8.410916
8.369709
8.343833
8.305042
8.346708
8.387083
8.306125
8.395417
8.420625
8.346042
8.342750
8.370000
8.288167
8.418333
8.384417
8.345625
8.339375
8.368542
8.325250
8.276625
8.322917
8.352209
8.302041
8.314167
8.320208
8.350750
8.353916
8.324750
8.313375
8.304084
8.311584
8.342458
8.368542
8.382959
8.383292
8.300875
8.351583
8.340250
8.341167
8.332416
8.331583
8.297167
8.332500
8.333875
8.399292
8.356125
8.349417
8.327709
8.317708
8.298833
8.377209
8.336208
8.367667
