9.953750
8.731167
8.593250
8.683916
8.664709
8.816500
8.683083
8.667583
8.692958
8.745292
8.718041
8.764750
8.680250
8.741000
8.680500
8.704916
8.562083
8.637000
8.845250
8.903875
9.048417
9.008959
9.028250
9.037125
9.069333
8.980333
9.045375
8.873250
8.881459
8.880250
8.910834
8.854834
8.746542
8.724459
8.686750
8.718750
8.727625
8.620125
8.733125
8.699958
8.789958
8.754042
8.765125
8.768875
8.705125
8.664292
8.601500
8.853542
8.658000
8.672250
8.708167
8.697708
8.670375
8.757167
8.621125
8.679709
8.661083
8.588000
8.714625
8.662333
8.738417
8.692667
8.773625
8.739666
8.763417
8.577417
8.601208
8.614084
8.673958
8.853959
8.786666
8.759708
8.778250
8.705958
8.784792
8.722500
8.773709
8.749750
8.771625
8.769791
8.766708
8.787042
8.766917
8.757375
8.783916
8.767250
8.765417
8.760375
8.754458
8.739083
8.693917
8.708834
8.843417
8.780333
8.788250
8.771625
8.755917
8.811500
8.770166
8.791834
8.775458
8.831917
8.791875
8.785625
8.788541
8.793625
8.776208
8.773834
8.797708
8.825666
8.798875
8.825542
8.963625
8.770875
8.805458
8.773666
8.779416
8.817875
8.780042
8.770792
8.815875
8.902792
8.749042
8.595917
8.553500
8.619166
8.731792
8.837959
8.744292
8.663375
8.710500
8.803667
8.833584
8.690458
8.715625
8.707125
8.641791
8.640042
8.675167
8.707250
8.691000
8.668084
8.798917
8.824042
8.769417
8.744750
8.851208
8.771792
8.789250
8.741042
8.881791
8.839416
8.813250
8.715084
8.750500
8.777167
8.760167
8.830625
8.796125
8.789750
8.812750
8.808666
8.808959
8.786125
8.809084
8.862042
8.722167
8.802208
8.731709
8.803375
8.779416
8.803083
8.786084
8.794083
8.762666
8.756917
8.824250
8.779333
8.811333
8.798750
8.795458
8.779500
8.794625
8.762833
8.788292
8.831458
8.826625
8.756250
8.826833
8.779292
8.754459
8.759750
8.846000
8.812333
8.809166
8.776041
8.784750
8.787292
8.825708
8.780125
8.791834
8.789791
8.761375
8.797875
8.768209
8.790833
8.767208
8.740750
8.782583
8.854250
8.829000
8.855167
8.803791
8.799458
8.802375
8.863667
8.993292
8.807375
8.776583
8.822375
8.813917
8.752375
8.796834
8.807042
8.773625
8.774875
8.776875
8.834708
8.782417
8.835958
8.938958
8.899625
8.908708
8.959625
8.853667
8.897792
8.842333
8.889583
9.108834
9.659166
8.869584
8.744709
8.813125
8.692042
8.667375
8.627583
8.664500
8.663250
8.685375
8.680125
8.674125
8.620541
8.652667
8.666917
8.649792
8.675375
9.558250
8.849791
8.720000
8.747500
8.736042
8.764208
8.730875
8.650334
8.606959
8.628459
8.631958
8.666500
8.666500
8.656375
8.603917
8.647792
8.600542
8.667125
8.612250
8.735208
8.711750
8.765209
8.641500
8.638708
8.653333
8.711292
8.734708
8.715459
8.744208
8.723416
8.716042
8.619583
8.845041
8.823750
8.701958
8.621875
8.661833
8.634292
8.694750
8.694167
8.756667
8.745333
8.814667
8.707042
8.684792
8.669334
8.643375
8.658458
8.631583
8.652459
8.680500
8.663458
8.638334
8.642333
8.614375
8.597083
8.657125
8.687000
8.646333
8.635084
8.601583
8.607542
8.652250
8.892083
8.660625
8.669166
8.604791
8.685916
8.715541
8.728416
8.745583
8.745083
8.696875
8.678083
8.688666
8.720416
8.743917
8.705041
8.686459
8.635333
8.725958
8.742791
8.697958
8.629500
8.639417
8.643583
8.721041
8.716208
8.753458
8.731708
8.734792
8.760541
8.695333
8.699041
8.644291
8.663792
8.648709
8.700458
8.681208
8.696750
8.674333
8.718042
8.684375
8.716250
8.678125
8.720208
8.647208
8.733584
8.715833
8.779500
8.740792
8.784750
8.749542
8.766041
8.814000
8.816041
8.789583
8.694792
8.725083
8.713875
8.720875
8.702542
8.720541
8.683583
8.750500
8.706458
8.758833
8.718667
8.791750
8.713667
8.754417
8.707584
8.745334
8.648000
8.738208
8.698000
8.682583
8.759292
8.744125
8.770834
8.725791
8.776625
8.700708
8.739500
