9.949541
8.690375
8.662542
8.685792
8.624333
8.609750
8.612625
8.712500
8.606292
8.775917
8.770583
8.683334
8.588875
8.740958
8.602875
8.638333
8.717542
8.818750
8.785834
8.738875
8.585541
8.637542
8.591250
8.689625
8.582667
8.605792
8.637417
8.627250
8.580958
8.607000
8.591917
8.608959
8.573875
8.589542
8.604167
8.592250
8.607333
8.647250
8.564667
8.611875
8.597958
8.556917
8.608791
8.644417
8.620667
8.601875
8.620750
8.548250
8.618125
8.591125
8.615584
8.583125
8.670542
8.544292
8.633833
8.562167
8.613500
8.592417
8.593375
8.655334
8.586833
8.633542
8.617417
8.590750
8.584833
8.607375
8.637250
8.638166
8.611542
8.644541
8.620167
8.628375
8.580708
8.630166
8.635750
8.641458
8.613250
8.597250
8.629500
8.620708
8.671875
8.780041
8.636084
8.632666
8.610583
8.636125
8.631958
8.602375
8.619833
8.630042
8.583708
8.612625
8.637708
8.628167
8.612416
8.598583
8.615875
8.615083
8.612584
8.610500
8.621833
8.605584
8.585042
8.601541
8.596709
8.609250
8.598208
8.628791
8.637292
8.660750
8.753583
8.761041
8.675875
8.630167
8.632917
8.615042
8.606958
8.612041
8.639334
8.599250
8.622584
8.640584
8.608334
8.664292
8.633791
8.640125
8.623708
8.631333
8.626875
8.689917
8.618583
8.668000
8.643333
8.657166
8.609334
8.658583
8.726334
8.772708
8.751834
8.714000
8.658667
8.635500
8.625667
8.676375
8.615000
8.654000
8.613083
8.638750
8.648292
8.646375
8.643375
8.660917
8.631666
8.650542
8.658041
8.639583
8.720875
8.626334
8.669125
8.669000
8.664791
8.635625
8.678666
8.620875
8.670916
8.643833
8.702291
8.681125
8.728542
8.766375
8.810166
8.781417
8.819041
8.793500
8.825917
8.754916
8.789625
8.774541
8.812292
8.821000
8.828833
8.823250
8.797208
8.839083
8.771667
8.824791
8.749000
8.802791
8.750792
8.804000
8.790417
8.805500
8.776792
8.821041
8.802041
8.817000
8.816583
8.818584
8.816375
8.740166
8.849125
8.810042
8.804000
8.786584
8.833333
8.784375
8.793917
8.779042
8.812500
8.837833
8.860542
8.830917
8.811000
8.831458
8.816625
8.814042
8.891292
8.796875
8.782875
8.808875
8.802208
8.853833
8.800875
8.846625
8.789542
8.810917
8.817958
8.829416
8.811417
8.825250
8.827500
8.819042
8.819834
8.815916
8.817625
8.799792
8.847750
8.811833
8.850250
8.801416
8.835917
8.817791
8.824542
8.815125
8.821459
8.782333
8.826167
8.836833
8.852375
8.728458
8.854500
8.896500
8.814083
8.844875
8.774959
8.853833
9.526750
8.894875
8.828875
8.834375
8.826166
8.854750
8.814916
8.827500
8.842042
8.833625
8.921958
8.816208
8.844792
8.774000
8.818166
8.802500
8.857500
8.819208
8.809042
8.842042
8.833833
8.839417
8.824834
8.846959
8.808709
8.803750
8.818292
8.830875
8.816625
8.834000
8.790209
8.821958
8.773667
8.813458
8.790458
8.820542
8.789250
8.797041
8.757584
8.789709
8.839084
8.761166
8.723541
8.776000
8.875417
8.775917
8.944625
8.836209
8.668833
8.798000
8.883750
8.948208
8.922916
9.108000
9.123375
9.137958
9.113917
9.159708
9.124750
9.120459
9.119458
9.045084
9.037792
8.913916
8.904000
8.922750
8.994583
8.965250
8.808958
8.784000
8.797292
8.778041
8.805208
8.789500
8.794000
8.738667
8.689959
8.824167
8.890583
8.871750
8.779708
8.823166
8.803375
8.877083
8.859042
8.924000
8.929834
8.947250
8.832125
8.934375
8.964583
8.988625
8.912167
8.863583
8.971458
8.829000
8.899625
8.929292
8.941333
8.912625
8.846334
8.807708
8.921292
8.879958
8.889750
8.931459
8.778667
8.941416
8.844208
8.880166
8.851458
8.892500
8.805125
8.698250
8.627541
8.666709
8.794167
8.701958
8.750875
8.801333
8.855542
8.779250
8.787459
8.804084
8.956292
8.884708
8.982458
8.863708
8.999250
9.203333
8.944416
8.887542
8.891042
8.830000
8.898584
8.849125
8.856792
8.902167
8.853791
8.912375
8.872084
8.861791
8.874458
8.891042
