11.219542
8.435708
8.270166
8.271750
8.241458
8.218375
8.270250
8.208125
8.208750
8.246583
8.239250
8.204666
8.249792
8.266917
8.256792
8.199917
8.256542
8.275000
8.305917
8.296250
8.325084
8.282625
8.298459
8.305000
8.284750
8.278459
8.279791
8.282625
8.321833
8.266750
8.299208
8.287417
8.318333
8.255042
8.321375
8.245959
8.327166
8.247833
8.294542
8.333542
8.289292
8.267375
8.328916
8.295083
8.299958
8.283250
8.281333
8.292042
8.291459
8.266625
8.340875
8.270541
8.293416
8.290292
8.286208
8.305875
8.289667
8.291708
8.340292
8.280167
8.278416
8.316917
8.296250
8.347083
9.215583
8.305916
8.465500
8.626750
8.329792
8.310959
8.368667
8.184000
8.257041
8.142166
8.211375
8.346959
8.383500
8.323625
8.374667
8.320292
8.349250
8.321542
8.349959
8.311125
8.354167
8.333500
8.373625
8.328292
8.375042
8.384959
8.413333
8.346583
8.364208
8.344042
8.354792
8.335042
8.326458
8.343958
8.377959
8.335500
8.341750
8.344750
8.375208
8.317958
8.405291
8.342667
8.454125
8.336292
8.380083
8.348750
8.352334
8.274834
8.315791
8.294750
8.241167
8.154375
8.433583
8.226625
8.329417
8.309334
8.570167
8.317208
8.294500
8.269208
8.280542
8.133542
8.264250
8.314250
8.422208
8.429875
8.405000
8.329333
8.387875
8.337584
8.330041
8.379083
8.396750
8.298083
8.182750
8.358666
8.373791
8.331708
8.396542
8.361666
8.409917
8.353375
8.409542
8.356875
8.350708
8.334041
8.395542
8.339292
8.411792
8.332708
8.393750
8.342750
8.409541
8.354250
8.397750
8.382333
8.403084
8.331375
8.360958
8.321958
8.438000
8.321625
8.417334
8.298500
8.425958
8.360042
8.394959
8.309584
8.387584
8.318333
8.382334
8.310084
8.411458
8.303292
8.408542
8.288167
8.399542
8.234459
8.352583
8.344459
8.386458
8.342000
8.425625
8.307709
8.407042
8.292000
8.392292
8.320541
8.392750
8.332708
8.401125
8.305458
8.454833
8.346000
8.407959
8.298542
8.413709
8.284875
8.435708
8.321333
8.419459
8.299334
8.390500
8.305125
8.384084
8.305041
8.395292
8.294083
8.371542
8.297958
8.421500
8.284291
8.415084
8.298708
8.387167
8.286959
8.396584
8.324000
8.397250
8.288709
8.392250
8.328417
8.427375
8.305250
8.442125
8.295375
8.401167
8.335583
8.400500
8.301000
8.387208
8.270083
8.401875
8.274500
8.421125
8.288708
8.420000
8.275834
8.424167
8.322458
8.439541
8.297667
8.461167
8.284625
8.408542
8.274542
8.483208
8.291292
8.410375
8.328459
8.451042
8.316834
8.956416
8.530041
8.379541
8.358250
8.378625
8.356042
8.384291
8.330250
8.385541
8.318250
8.375167
8.444792
8.365125
8.475000
8.372208
8.403917
8.367375
8.351167
8.353667
8.446375
8.340250
8.335750
8.371000
8.395625
8.377292
8.356625
8.387458
8.366167
8.376792
8.343375
8.349875
8.353417
8.371959
8.367625
8.399542
8.477792
8.345833
8.501750
8.365625
8.372959
8.369833
8.328583
8.362292
8.334500
8.360292
8.395167
8.399625
8.326042
8.340958
8.321459
8.366291
8.334583
8.356000
8.338500
8.359750
8.323084
8.351583
8.354125
8.348125
8.329417
8.327542
8.339666
8.379125
8.333958
8.359125
8.323208
8.363625
8.340250
8.345042
8.339417
8.370750
8.336250
8.356750
8.357791
8.361709
8.337875
8.377958
8.360250
8.360041
8.338333
8.339125
8.353792
8.352250
8.336875
8.352625
8.372500
8.353583
8.361042
8.364958
8.341708
8.385875
8.368167
8.361416
8.354375
8.359000
8.358000
8.364625
8.364042
8.375833
8.348250
8.345250
8.351458
8.369834
8.388583
8.369875
8.375834
8.374375
8.365625
8.386000
8.387208
8.383583
8.342625
8.389333
8.367750
8.358541
8.340542
8.378000
8.337334
8.374125
8.343125
8.354625
8.401417
8.376083
8.362500
8.365292
8.359125
8.368916
8.348750
8.386125
8.369417
8.389917
8.361125
8.378458
8.419292
8.388042
8.378000
8.382542
8.338000
8.407292
8.337291
8.369541
8.397500
8.381333
8.375500
