=== device ===
name                  Apple M4 Pro
architecture          applegpu_g16s
gpu cores             20
kernel                laguna_routed_nvfp4_swiglu_qmv_packed_top8keys_r1_bf16_v2
mode                  DOSE LADDER

=== pipeline reflection (register/occupancy gate) ===
  arm                          lines   tgMemB   maxTotalThreads   execWidth
  qmv_dose0     256        0              1024          32
  qmv_dose4     280        0              1024          32
  qmv_dose8     280        0              1024          32
  qmv_dose16     280        0              1024          32

=== output equivalence gate (bitwise, vs reference) ===
  TG=1024  reference re-run  diff      0 /  65536 bytes   (reference wrote   4096)
  TG=1024  qmv_dose4  diff      0 /  65536 bytes
  TG=1024  qmv_dose8  diff      0 /  65536 bytes
  TG=1024  qmv_dose16  diff      0 /  65536 bytes
  TG=2048  reference re-run  diff      0 /  65536 bytes   (reference wrote   8192)
  TG=2048  qmv_dose4  diff      0 /  65536 bytes
  TG=2048  qmv_dose8  diff      0 /  65536 bytes
  TG=2048  qmv_dose16  diff      0 /  65536 bytes
  VERDICT: all arms bitwise identical to the reference.

=== memory regime (P1.1) ===
  defeat slots          64
  weight buffer         335544320 B
  scale buffer          20910208 B
  routed winners        [39, 88, 99, 110, 114, 184, 216, 239]
  output_width          512
  dram_peak_GB_s        266.3  (measured, rule 55)
  slc_estimate_B        25165824  (M4-Pro-class, label only)
    TG   rows   uniq_MiB   req_MiB/round   amplif   ref_us   achieved_GB_s   pct_peak   unique_GB_s   slc_fit   regime
   128     32      17.14          107.35      6.3     5.12           109.8       41.2          17.5   yes   PARTIAL
   256     64      34.27          213.70      6.2     7.21           155.4       58.4          24.9   no   PARTIAL
   512    128      68.54          426.39      6.2    12.76           175.2       65.8          28.2   no   PARTIAL
  1024    256     137.07          851.78      6.2    22.04           202.6       76.1          32.6   no   PARTIAL
  2048    512     274.14         1702.56      6.2    38.85           229.7       86.3          37.0   no   SATURATED

=== paired per-call cost, 41 alternating rounds of 200 dispatches ===
delta = variant - reference within a round, so drift cancels. neg = faster.
spread = max-min of the per-round deltas.

--- qmv_dose4  vs reference qmv_dose0 ---
    TG  TG/core    ref_min    var_min    d_mean     d_sd    d_min    d_max   spread    d%_ref    t_paired
   128     6.40       4.88       5.09    +0.215    0.022    +0.16    +0.26     0.10    +4.403      +62.15
   256    12.80       7.18       7.49    +0.333    0.030    +0.27    +0.39     0.12    +4.644      +72.20
   512    25.60      11.91      12.88    +1.443    0.310    +0.54    +1.94     1.40   +12.111      +29.85
  1024    51.20      21.09      22.30    +0.865    0.276    -0.05    +1.69     1.74    +4.100      +20.08
  2048   102.40      38.74      39.21    +0.424    0.179    -0.00    +0.76     0.76    +1.095      +15.20
  per-round delta TG=128: +0.23 +0.22 +0.23 +0.22 +0.21 +0.21 +0.21 +0.23 +0.24 +0.23 +0.26 +0.18 +0.22 +0.21 +0.19 +0.24 +0.21 +0.20 +0.22 +0.16 +0.24 +0.19 +0.21 +0.22 +0.26 +0.19 +0.23 +0.23 +0.19 +0.21 +0.22 +0.20 +0.20 +0.21 +0.21 +0.20 +0.20 +0.19 +0.19 +0.23 +0.25
  per-round delta TG=256: +0.39 +0.38 +0.32 +0.36 +0.33 +0.34 +0.33 +0.37 +0.37 +0.34 +0.32 +0.35 +0.31 +0.37 +0.33 +0.30 +0.31 +0.33 +0.32 +0.30 +0.29 +0.36 +0.35 +0.32 +0.32 +0.30 +0.35 +0.39 +0.34 +0.31 +0.30 +0.36 +0.31 +0.35 +0.36 +0.34 +0.36 +0.31 +0.27 +0.27 +0.33
  per-round delta TG=512: +1.81 +1.07 +0.54 +1.13 +1.66 +0.90 +1.67 +1.62 +1.59 +1.73 +1.67 +1.19 +1.68 +1.40 +1.55 +1.47 +0.94 +1.46 +1.17 +1.94 +1.66 +1.68 +1.51 +1.65 +1.36 +0.89 +1.45 +1.58 +1.74 +1.38 +1.37 +1.40 +1.60 +1.74 +1.56 +1.54 +0.75 +1.53 +1.24 +1.59 +1.73
  per-round delta TG=1024: +0.54 +0.92 +0.64 +0.79 +1.09 +0.76 +1.22 +1.22 +0.85 +1.09 +0.84 +0.44 +0.82 +0.69 +0.62 +0.83 +0.62 +0.98 +1.03 +0.77 +1.14 +1.07 +0.96 +1.18 +0.83 +0.64 +0.81 +0.66 +0.64 +0.88 -0.05 +1.69 +0.63 +0.91 +1.04 +1.02 +1.03 +1.07 +0.69 +0.98 +0.87
  per-round delta TG=2048: +0.28 +0.42 +0.35 +0.40 +0.48 +0.04 +0.47 +0.33 +0.47 +0.19 +0.50 +0.38 +0.61 +0.52 +0.35 +0.44 +0.53 +0.60 +0.63 +0.50 +0.47 +0.30 +0.12 +0.47 +0.56 +0.63 -0.00 +0.16 +0.51 +0.08 +0.52 +0.53 +0.76 +0.42 +0.72 +0.43 +0.33 +0.25 +0.41 +0.61 +0.62

--- qmv_dose8  vs reference qmv_dose0 ---
    TG  TG/core    ref_min    var_min    d_mean     d_sd    d_min    d_max   spread    d%_ref    t_paired
   128     6.40       4.88       5.15    +0.286    0.023    +0.24    +0.35     0.11    +5.866      +79.49
   256    12.80       7.17       7.68    +0.509    0.022    +0.47    +0.56     0.09    +7.098     +149.79
   512    25.60      12.52      13.87    +1.928    0.277    +1.06    +2.44     1.37   +15.397      +44.59
  1024    51.20      21.47      23.75    +1.645    0.180    +1.30    +2.38     1.08    +7.659      +58.60
  2048   102.40      38.77      40.35    +1.860    0.237    +1.10    +2.21     1.11    +4.799      +50.27
  per-round delta TG=128: +0.29 +0.24 +0.30 +0.25 +0.24 +0.29 +0.27 +0.34 +0.26 +0.28 +0.29 +0.30 +0.29 +0.28 +0.28 +0.30 +0.28 +0.30 +0.25 +0.29 +0.29 +0.28 +0.30 +0.28 +0.35 +0.30 +0.26 +0.28 +0.30 +0.28 +0.28 +0.26 +0.26 +0.31 +0.28 +0.30 +0.29 +0.26 +0.31 +0.33 +0.28
  per-round delta TG=256: +0.51 +0.50 +0.49 +0.54 +0.51 +0.52 +0.48 +0.49 +0.50 +0.54 +0.53 +0.52 +0.51 +0.53 +0.55 +0.53 +0.47 +0.51 +0.52 +0.51 +0.50 +0.48 +0.51 +0.52 +0.52 +0.51 +0.49 +0.47 +0.49 +0.54 +0.50 +0.48 +0.51 +0.52 +0.52 +0.50 +0.54 +0.47 +0.48 +0.52 +0.56
  per-round delta TG=512: +1.83 +1.87 +2.02 +2.23 +2.01 +1.72 +1.69 +2.27 +1.99 +1.73 +1.40 +1.06 +2.19 +1.95 +1.78 +1.82 +2.37 +2.09 +2.17 +1.86 +1.60 +1.82 +1.87 +2.14 +1.80 +1.97 +2.35 +1.87 +1.97 +1.32 +2.05 +2.24 +1.82 +2.18 +1.79 +2.14 +2.02 +1.81 +1.92 +1.89 +2.44
  per-round delta TG=1024: +1.77 +1.55 +1.54 +1.68 +1.60 +1.65 +1.53 +1.47 +1.61 +1.66 +1.60 +1.55 +1.70 +1.53 +1.56 +1.63 +1.62 +1.57 +1.65 +1.59 +1.65 +1.69 +1.61 +1.96 +1.70 +1.42 +1.68 +1.56 +1.30 +1.92 +1.40 +1.60 +1.83 +1.73 +1.77 +1.90 +2.38 +1.72 +1.63 +1.42 +1.47
  per-round delta TG=2048: +1.93 +1.89 +2.08 +1.73 +2.21 +1.97 +2.12 +1.44 +2.08 +1.74 +2.16 +1.95 +2.19 +2.02 +2.14 +1.95 +1.82 +1.72 +2.15 +1.97 +1.92 +1.63 +1.83 +1.59 +1.73 +1.64 +2.15 +1.73 +1.54 +1.10 +1.67 +1.78 +2.10 +1.92 +1.53 +1.87 +1.68 +2.04 +1.71 +1.91 +1.94

--- qmv_dose16  vs reference qmv_dose0 ---
    TG  TG/core    ref_min    var_min    d_mean     d_sd    d_min    d_max   spread    d%_ref    t_paired
   128     6.40       4.86       5.33    +0.478    0.022    +0.43    +0.52     0.09    +9.826     +139.36
   256    12.80       7.18       8.14    +0.969    0.024    +0.93    +1.02     0.10   +13.502     +254.29
   512    25.60      12.19      14.96    +2.837    0.269    +2.02    +3.30     1.28   +23.275      +67.49
  1024    51.20      22.07      25.45    +3.675    0.213    +3.07    +4.05     0.97   +16.651     +110.37
  2048   102.40      38.79      44.66    +5.865    0.209    +5.30    +6.24     0.94   +15.120     +179.59
  per-round delta TG=128: +0.43 +0.49 +0.45 +0.49 +0.46 +0.49 +0.50 +0.48 +0.45 +0.51 +0.45 +0.48 +0.44 +0.48 +0.50 +0.46 +0.48 +0.52 +0.46 +0.49 +0.50 +0.46 +0.50 +0.46 +0.48 +0.49 +0.46 +0.51 +0.47 +0.46 +0.50 +0.49 +0.46 +0.48 +0.46 +0.49 +0.46 +0.49 +0.49 +0.51 +0.45
  per-round delta TG=256: +0.93 +0.94 +0.94 +0.95 +0.98 +0.94 +1.00 +1.02 +0.98 +1.00 +0.93 +0.96 +0.94 +0.97 +0.99 +1.00 +0.98 +0.97 +1.00 +0.99 +0.98 +0.96 +0.96 +0.97 +0.98 +0.97 +0.98 +0.99 +0.97 +0.94 +0.97 +0.99 +0.99 +0.93 +0.97 +0.96 +0.93 +0.94 +0.94 +0.97 +1.02
  per-round delta TG=512: +3.27 +2.95 +2.40 +2.99 +2.93 +2.73 +2.72 +3.06 +2.98 +3.10 +2.55 +2.78 +2.80 +2.92 +2.02 +3.30 +2.78 +2.96 +3.18 +2.45 +2.61 +2.85 +2.91 +3.12 +2.55 +2.76 +2.77 +2.90 +2.65 +2.61 +3.21 +2.85 +2.54 +2.45 +2.75 +3.26 +2.89 +2.98 +2.71 +3.21 +2.85
  per-round delta TG=1024: +3.87 +3.97 +3.59 +3.47 +3.76 +3.49 +3.46 +3.73 +3.56 +3.72 +3.80 +3.96 +3.86 +3.43 +3.73 +3.49 +3.44 +3.82 +3.82 +4.05 +3.72 +3.76 +3.59 +3.41 +3.38 +3.70 +3.59 +3.60 +4.00 +3.99 +3.81 +3.44 +3.71 +3.39 +3.58 +3.77 +3.66 +3.07 +3.79 +4.02 +3.68
  per-round delta TG=2048: +5.84 +6.05 +6.24 +6.07 +6.08 +5.89 +6.22 +6.13 +5.55 +5.76 +6.05 +6.08 +6.11 +5.98 +5.89 +6.10 +5.74 +5.92 +5.74 +5.77 +5.94 +5.90 +5.67 +5.61 +5.71 +5.80 +5.83 +5.55 +5.30 +5.51 +6.03 +5.74 +5.84 +5.63 +5.74 +5.82 +5.79 +5.74 +6.11 +5.98 +6.04
