# host: Apple M4 Pro, 20 GPU cores, rounds=9 (median of 9)
# arm=autotune  working_set=512MiB  metric=achieved_GB_s
tgPerCore	threadsPerTG	ilp	tg	grid	sweeps	us_med	GB_s
4	64	1	80	5120	2	4951.63	216.85
4	64	2	80	5120	2	4814.83	223.01
4	64	4	80	5120	2	4767.13	225.24
4	288	1	80	23040	2	4186.71	256.46
4	288	2	80	23040	2	4171.25	257.41
4	288	4	80	23040	2	4171.13	257.42
8	64	1	160	10240	2	4137.50	259.51
8	64	2	160	10240	2	4087.33	262.70
8	64	4	160	10240	2	4084.37	262.89
8	288	1	160	46080	2	4218.75	254.52
8	288	2	160	46080	2	4208.38	255.14
8	288	4	160	46080	2	4212.87	254.87
13	64	1	260	16640	2	4227.17	254.01
13	64	2	260	16640	2	4227.38	254.00
13	64	4	260	16640	2	4240.54	253.21
13	288	1	260	74880	2	4219.00	254.50
13	288	2	260	74880	2	4226.62	254.04
13	288	4	260	74880	2	4225.00	254.14
26	64	1	520	33280	2	4258.83	252.12
26	64	2	520	33280	2	4198.50	255.74
26	64	4	520	33280	2	4197.37	255.81
26	288	1	520	149760	2	4237.12	253.41
26	288	2	520	149760	2	4248.42	252.74
26	288	4	520	149760	2	4352.00	246.72
# autotune winner: tgPerCore=8 threadsPerTG=64 ilp=4 -> 262.89 GB/s

# arm=seq  geometry: tg=160 threadsPerTG=64 grid=10240 ilp=4
# bytes_written_per_cb = 163840 (one uint4 per thread, once per dispatch)
uniq_MiB	sweeps	req_MB	us_med	us_min	us_max	GB_s	GB_s_lo	GB_s_hi	slc_fit
2	477	1000.3	540.00	486.92	553.75	1852.48	1806.49	2054.44	fits
4	239	1002.4	664.92	652.00	667.21	1507.62	1502.44	1537.48	fits
8	120	1006.6	1720.12	1716.63	1721.71	585.21	584.67	586.40	fits
12	80	1006.6	1963.46	1956.29	1965.62	512.68	512.12	514.56	fits
16	60	1006.6	3356.71	3301.79	3406.67	299.89	295.49	304.87	marginal
20	48	1006.6	3900.62	3844.54	3946.71	258.07	255.06	261.83	marginal
24	40	1006.6	3819.00	3801.25	3868.12	263.59	260.24	264.82	marginal
32	30	1006.6	3837.00	3816.63	3900.04	262.35	258.11	263.75	marginal
48	20	1006.6	3827.25	3801.46	3868.12	263.02	260.24	264.80	marginal
64	15	1006.6	3863.83	3822.13	3910.79	260.53	257.40	263.37	spills
96	10	1006.6	3833.37	3818.12	3870.00	262.60	260.11	263.65	spills
128	8	1073.7	4089.13	4083.33	4127.13	262.58	260.17	262.96	spills
192	5	1006.6	3836.75	3813.54	3890.25	262.37	258.76	263.96	spills
256	4	1073.7	4094.67	4079.71	4125.25	262.23	260.29	263.19	spills
384	3	1208.0	4601.12	4588.37	4632.33	262.54	260.77	263.27	spills
512	2	1073.7	4096.00	4078.04	4115.37	262.14	260.91	263.30	spills
768	2	1610.6	6154.75	6127.75	6171.25	261.69	260.99	262.84	spills
1024	1	1073.7	4079.04	4071.13	4120.71	263.23	260.57	263.75	spills
# MEASURED dram_read_ceiling = 262.37 GB/s (median of 6 rows >= 192 MiB, range 261.69..263.23)
# MEASURED cache_served_ceiling = 1852.48 GB/s

# arm=seq  rule-71 two-column classification
uniq_MiB	GB_s	pct_dram_ceiling	regime	slc_fit
2	1852.48	706.1	cache	fits
4	1507.62	574.6	cache	fits
8	585.21	223.1	cache	fits
12	512.68	195.4	cache	fits
16	299.89	114.3	dram	marginal
20	258.07	98.4	dram	marginal
24	263.59	100.5	dram	marginal
32	262.35	100.0	dram	marginal
48	263.02	100.2	dram	marginal
64	260.53	99.3	dram	spills
96	262.60	100.1	dram	spills
128	262.58	100.1	dram	spills
192	262.37	100.0	dram	spills
256	262.23	99.9	dram	spills
384	262.54	100.1	dram	spills
512	262.14	99.9	dram	spills
768	261.69	99.7	dram	spills
1024	263.23	100.3	dram	spills

# arm=blk  block=64KiB  geometry: tg=160 threadsPerTG=64
uniq_MiB	nblocks	sweeps	req_MB	us_med	GB_s	pct_seq	slc_fit
2	32	477	1000.3	1785.58	560.23	30.2	fits
4	64	239	1002.4	1717.75	583.58	38.7	fits
8	128	120	1006.6	1761.62	571.42	97.6	fits
12	192	80	1006.6	2234.62	450.47	87.9	fits
16	256	60	1006.6	2453.50	410.28	136.8	marginal
20	320	48	1006.6	3707.62	271.50	105.2	marginal
24	384	40	1006.6	3839.37	262.19	99.5	marginal
32	512	30	1006.6	3973.21	253.36	96.6	marginal
48	768	20	1006.6	3770.79	266.96	101.5	marginal
64	1024	15	1006.6	3850.58	261.42	100.3	spills
96	1536	10	1006.6	3787.04	265.81	101.2	spills
128	2048	8	1073.7	4026.75	266.65	101.5	spills
192	3072	5	1006.6	3841.21	262.06	99.9	spills
256	4096	4	1073.7	4032.37	266.28	101.5	spills
384	6144	3	1208.0	4538.04	266.19	101.4	spills
512	8192	2	1073.7	4044.00	265.51	101.3	spills
768	12288	2	1610.6	6036.92	266.79	102.0	spills
1024	16384	1	1073.7	4029.00	266.50	101.2	spills

# arm=tanjiro  pool=256MiB  base=2 extra=6
# replicates tanjiro-pr27-interim.md:1044-1105 geometry on this host
sweeps	us_med	us_min	us_max
2	2042.58	2029.12	2069.33
8	8253.08	8200.87	8382.71
# delta_bytes = 1610.61 MB  delta_us = 6210.50  -> 259.34 GB/s
# tanjiro_instrument_pct_of_measured_dram_ceiling = 98.8%

# published M4-Pro denominators vs this measurement
source	value_GB_s	pct_of_measured_dram_ceiling
theoretical_273_r94_census	273.0	104.1
hardcoded_266.3_fern_r100_probe:71	266.3	101.5
roofline_260.6_fern_ledger:940	260.6	99.3
tanjiro_pool_diff_237.4_published	237.4	90.5
# done
