SLACKHIST 31914 100171 100352 100352 100352 100352 100352 100352 100352 100352
SLACKHIST 2369 99358 100352 100352 100352 100352 100352 100352 100352 100352
SLACKHIST 9193 99967 100352 100352 100352 100352 100352 100352 100352 100352
SLACKHIST 7338 99634 100352 100352 100352 100352 100352 100352 100352 100352
SLACKHIST 1541 99194 100351 100352 100352 100352 100352 100352 100352 100352
SLACKHIST 1641 98289 100271 100352 100352 100352 100352 100352 100352 100352
SLACKHIST 2285 97585 100264 100352 100352 100352 100352 100352 100352 100352
SLACKHIST 1540 99046 100350 100352 100352 100352 100352 100352 100352 100352
SLACKHIST 982 97064 100267 100352 100352 100352 100352 100352 100352 100352
SLACKHIST 867 93960 100249 100352 100352 100352 100352 100352 100352 100352
SLACKHIST 1229 98757 100350 100352 100352 100352 100352 100352 100352 100352
SLACKHIST 623 95400 100258 100352 100352 100352 100352 100352 100352 100352
SLACKHIST 605 91700 100241 100352 100352 100352 100352 100352 100352 100352
SLACKHIST 882 98293 100271 100352 100352 100352 100352 100352 100352 100352
SLACKHIST 435 93226 100252 100352 100352 100352 100352 100352 100352 100352
SLACKHIST 221 80995 100177 100352 100352 100352 100352 100352 100352 100352
SLACKHIST 1220 98678 100349 100352 100352 100352 100352 100352 100352 100352
SLACKHIST 640 95032 100256 100352 100352 100352 100352 100352 100352 100352
SLACKHIST 288 83902 100207 100352 100352 100352 100352 100352 100352 100352
SLACKHIST 1245 98661 100346 100352 100352 100352 100352 100352 100352 100352
SLACKHIST 671 95694 100260 100352 100352 100352 100352 100352 100352 100352
SLACKHIST 272 82834 100206 100352 100352 100352 100352 100352 100352 100352
SLACKHIST 1146 98434 100272 100352 100352 100352 100352 100352 100352 100352
SLACKHIST 352 90963 100245 100352 100352 100352 100352 100352 100352 100352
SLACKHIST 276 83141 100202 100352 100352 100352 100352 100352 100352 100352
SLACKHIST 588 97251 100266 100352 100352 100352 100352 100352 100352 100352
SLACKHIST 436 92171 100249 100352 100352 100352 100352 100352 100352 100352
SLACKHIST 255 82267 100196 100352 100352 100352 100352 100352 100352 100352
SLACKHIST 864 98057 100269 100352 100352 100352 100352 100352 100352 100352
SLACKHIST 349 91189 100248 100352 100352 100352 100352 100352 100352 100352
SLACKHIST 162 74881 100124 100352 100352 100352 100352 100352 100352 100352
SLACKHIST 773 97674 100267 100352 100352 100352 100352 100352 100352 100352
SLACKHIST 393 92253 100250 100352 100352 100352 100352 100352 100352 100352
SLACKHIST 143 75227 100128 100352 100352 100352 100352 100352 100352 100352
SLACKHIST 905 97989 100267 100352 100352 100352 100352 100352 100352 100352
SLACKHIST 433 92365 100252 100352 100352 100352 100352 100352 100352 100352
SLACKHIST 163 77345 100163 100352 100352 100352 100352 100352 100352 100352
SLACKHIST 633 97329 100266 100352 100352 100352 100352 100352 100352 100352
SLACKHIST 314 90463 100245 100352 100352 100352 100352 100352 100352 100352
SLACKHIST 172 78388 100170 100352 100352 100352 100352 100352 100352 100352
SLACKHIST 552 96990 100264 100352 100352 100352 100352 100352 100352 100352
SLACKHIST 208 84615 100231 100352 100352 100352 100352 100352 100352 100352
SLACKHIST 84 68421 100072 100352 100352 100352 100352 100352 100352 100352
SLACKHIST 497 96764 100264 100352 100352 100352 100352 100352 100352 100352
SLACKHIST 259 89172 100244 100352 100352 100352 100352 100352 100352 100352
SLACKHIST 121 75237 100151 100352 100352 100352 100352 100352 100352 100352
SLACKHIST 674 97455 100265 100352 100352 100352 100352 100352 100352 100352
SLACKHIST 380 91987 100251 100352 100352 100352 100352 100352 100352 100352
SLACKHIST 171 79162 100171 100352 100352 100352 100352 100352 100352 100352
SLACKHIST 795 97740 100266 100352 100352 100352 100352 100352 100352 100352
SLACKHIST 380 91753 100250 100352 100352 100352 100352 100352 100352 100352
SLACKHIST 166 78212 100164 100352 100352 100352 100352 100352 100352 100352
SLACKHIST 942 98179 100268 100352 100352 100352 100352 100352 100352 100352
SLACKHIST 259 87845 100240 100352 100352 100352 100352 100352 100352 100352
SLACKHIST 134 73393 100112 100352 100352 100352 100352 100352 100352 100352
SLACKHIST 735 97635 100265 100352 100352 100352 100352 100352 100352 100352
SLACKHIST 221 84050 100227 100352 100352 100352 100352 100352 100352 100352
SLACKHIST 103 70320 100074 100352 100352 100352 100352 100352 100352 100352
SLACKHIST 765 97478 100265 100352 100352 100352 100352 100352 100352 100352
SLACKHIST 206 83763 100225 100352 100352 100352 100352 100352 100352 100352
SLACKHIST 75 65321 100030 100352 100352 100352 100352 100352 100352 100352
SLACKHIST 571 96804 100263 100352 100352 100352 100352 100352 100352 100352
SLACKHIST 288 89061 100242 100352 100352 100352 100352 100352 100352 100352
SLACKHIST 225 83887 100218 100352 100352 100352 100352 100352 100352 100352
SLACKHIST 456 95979 100260 100352 100352 100352 100352 100352 100352 100352
SLACKHIST 172 81077 100214 100352 100352 100352 100352 100352 100352 100352
SLACKHIST 66 63099 100000 100352 100352 100352 100352 100352 100352 100352
SLACKHIST 331 95091 100255 100352 100352 100352 100352 100352 100352 100352
SLACKHIST 171 80931 100214 100352 100352 100352 100352 100352 100352 100352
SLACKHIST 79 65551 100029 100352 100352 100352 100352 100352 100352 100352
SLACKHIST 355 95574 100256 100352 100352 100352 100352 100352 100352 100352
SLACKHIST 157 80904 100214 100352 100352 100352 100352 100352 100352 100352
SLACKHIST 60 63672 100003 100352 100352 100352 100352 100352 100352 100352
SLACKHIST 446 96488 100263 100352 100352 100352 100352 100352 100352 100352
SLACKHIST 155 82742 100222 100352 100352 100352 100352 100352 100352 100352
SLACKHIST 64 61990 99988 100352 100352 100352 100352 100352 100352 100352
SLACKHIST 377 96109 100261 100352 100352 100352 100352 100352 100352 100352
SLACKHIST 132 80441 100207 100352 100352 100352 100352 100352 100352 100352
SLACKHIST 60 62351 99989 100352 100352 100352 100352 100352 100352 100352
SLACKHIST 322 95407 100255 100352 100352 100352 100352 100352 100352 100352
SLACKHIST 154 81536 100215 100352 100352 100352 100352 100352 100352 100352
SLACKHIST 65 63491 100014 100352 100352 100352 100352 100352 100352 100352
SLACKHIST 334 95675 100257 100352 100352 100352 100352 100352 100352 100352
SLACKHIST 191 85168 100232 100352 100352 100352 100352 100352 100352 100352
SLACKHIST 125 72189 100112 100352 100352 100352 100352 100352 100352 100352
SLACKHIST 346 96004 100259 100352 100352 100352 100352 100352 100352 100352
SLACKHIST 193 85225 100234 100352 100352 100352 100352 100352 100352 100352
SLACKHIST 88 66218 100043 100352 100352 100352 100352 100352 100352 100352
SLACKHIST 327 95894 100259 100352 100352 100352 100352 100352 100352 100352
SLACKHIST 230 85774 100234 100352 100352 100352 100352 100352 100352 100352
SLACKHIST 85 67371 100054 100352 100352 100352 100352 100352 100352 100352
SLACKHIST 367 96257 100263 100352 100352 100352 100352 100352 100352 100352
SLACKHIST 200 83664 100228 100352 100352 100352 100352 100352 100352 100352
SLACKHIST 68 64152 100018 100352 100352 100352 100352 100352 100352 100352
SLACKHIST 480 96856 100264 100352 100352 100352 100352 100352 100352 100352
SLACKHIST 168 81709 100221 100352 100352 100352 100352 100352 100352 100352
SLACKHIST 70 65069 100030 100352 100352 100352 100352 100352 100352 100352
SLACKHIST 546 97368 100265 100352 100352 100352 100352 100352 100352 100352
SLACKHIST 216 85690 100236 100352 100352 100352 100352 100352 100352 100352
SLACKHIST 130 73858 100141 100352 100352 100352 100352 100352 100352 100352
SLACKHIST 596 97447 100265 100352 100352 100352 100352 100352 100352 100352
SLACKHIST 201 84114 100228 100352 100352 100352 100352 100352 100352 100352
SLACKHIST 90 68413 100070 100352 100352 100352 100352 100352 100352 100352
SLACKHIST 489 97060 100264 100352 100352 100352 100352 100352 100352 100352
SLACKHIST 184 84305 100234 100352 100352 100352 100352 100352 100352 100352
SLACKHIST 87 69948 100098 100352 100352 100352 100352 100352 100352 100352
SLACKHIST 485 97032 100264 100352 100352 100352 100352 100352 100352 100352
SLACKHIST 147 81696 100219 100352 100352 100352 100352 100352 100352 100352
SLACKHIST 555 89839 100245 100352 100352 100352 100352 100352 100352 100352
SLACKHIST 504 97119 100264 100352 100352 100352 100352 100352 100352 100352
SLACKHIST 152 80991 100218 100352 100352 100352 100352 100352 100352 100352
SLACKHIST 89 68793 100077 100352 100352 100352 100352 100352 100352 100352
SLACKHIST 447 96788 100263 100352 100352 100352 100352 100352 100352 100352
SLACKHIST 129 79452 100209 100352 100352 100352 100352 100352 100352 100352
SLACKHIST 69 65083 100043 100352 100352 100352 100352 100352 100352 100352
SLACKHIST 510 97278 100264 100352 100352 100352 100352 100352 100352 100352
SLACKHIST 121 78678 100203 100352 100352 100352 100352 100352 100352 100352
SLACKHIST 75 64556 100034 100352 100352 100352 100352 100352 100352 100352
SLACKHIST 457 96915 100264 100352 100352 100352 100352 100352 100352 100352
SLACKHIST 122 79023 100209 100352 100352 100352 100352 100352 100352 100352
SLACKHIST 63 64537 100028 100352 100352 100352 100352 100352 100352 100352
SLACKHIST 465 97019 100264 100352 100352 100352 100352 100352 100352 100352
SLACKHIST 112 75746 100177 100352 100352 100352 100352 100352 100352 100352
SLACKHIST 55 60760 99988 100352 100352 100352 100352 100352 100352 100352
SLACKHIST 435 96638 100263 100352 100352 100352 100352 100352 100352 100352
SLACKHIST 118 76746 100187 100352 100352 100352 100352 100352 100352 100352
SLACKHIST 57 62002 100006 100352 100352 100352 100352 100352 100352 100352
SLACKHIST 363 96142 100259 100352 100352 100352 100352 100352 100352 100352
SLACKHIST 133 80663 100213 100352 100352 100352 100352 100352 100352 100352
