9.317291
8.416875
8.292125
8.269791
8.255750
8.264125
8.264500
8.256500
8.247708
8.295875
8.250709
8.257625
8.252791
8.245583
8.341791
8.243875
8.254875
8.264500
8.246125
8.261041
8.269000
8.279458
8.239083
8.264625
8.282625
8.270875
8.251500
8.251542
8.265875
8.235583
8.261125
8.276208
8.244042
8.251834
8.266167
8.226042
8.277208
8.235875
8.280209
8.245875
8.255083
8.240583
8.247041
8.239166
8.243125
8.250375
8.254750
8.225042
8.282458
8.275791
8.309875
8.259375
8.276875
8.230917
8.280000
8.244375
8.239458
8.231166
8.284208
8.282125
8.276625
8.252834
8.341375
8.203458
8.331416
8.251542
8.257125
8.290708
8.272208
8.243875
8.289500
8.257583
8.277917
8.247167
8.289000
8.234375
8.275667
8.243958
8.279583
8.234708
8.307041
8.245750
8.297666
8.261625
8.296833
8.243416
8.284583
8.232959
8.316458
8.233458
8.200417
8.240042
8.274250
8.211834
8.253542
8.318083
8.339042
8.276416
8.324000
8.230500
8.269875
8.281167
8.261958
8.258167
8.310666
8.256625
8.286625
8.274666
8.311417
8.268584
8.306958
8.263417
8.300584
8.247791
8.296250
8.289291
8.299583
8.266500
8.302458
8.269916
8.299042
8.357792
8.326833
8.276083
8.224042
8.289416
8.302292
8.438500
8.314458
8.366750
8.284375
8.282417
8.319833
8.264000
8.303500
8.256958
8.319167
8.331792
8.297000
8.310541
8.312292
8.264292
8.320083
8.270792
8.297916
8.283208
8.313208
8.279375
8.302167
8.305209
8.280084
8.270709
8.290000
8.292209
8.309125
8.296083
8.340625
8.258000
8.324750
8.297250
8.329333
8.297042
8.328083
8.284042
8.330292
8.295125
8.333875
8.300625
8.320959
8.336458
8.337750
8.329042
8.325375
8.332417
8.335250
8.332000
8.358834
8.300041
8.268500
8.403292
8.327333
8.333542
8.362500
8.296708
8.316583
8.355917
8.323291
8.332250
8.311500
8.361166
8.323792
8.344958
8.317708
8.345333
8.341166
8.332708
8.320708
8.327958
8.327417
8.344000
8.321792
8.330375
8.337459
8.357125
8.354750
8.299667
8.339792
8.312917
8.363166
8.309833
8.332458
8.318708
8.341250
8.369958
8.348500
8.279334
8.341792
8.319916
8.336208
8.320833
8.310792
8.356500
8.325417
8.334042
8.342250
8.322416
8.317125
8.359458
8.326875
8.334917
8.322416
8.333375
8.303250
8.365667
8.318666
8.343666
8.334667
8.332750
8.351792
8.325833
8.354666
8.307041
8.305583
8.415958
8.413750
8.326625
8.380416
8.312666
8.351875
8.322042
8.352167
8.307875
8.357417
8.319125
8.395666
8.319417
9.027791
8.405875
8.389667
8.335750
8.374041
8.339125
8.325542
8.297791
8.353041
8.393500
8.346833
8.417750
8.333708
8.409208
8.355541
8.274042
8.351167
8.279292
8.350791
8.306500
8.344083
8.328250
8.340834
8.316125
8.328708
8.406000
8.356250
8.305417
8.328416
8.307417
8.351375
8.296291
8.296833
8.374667
8.364416
8.314459
8.358459
8.330792
8.367666
8.298292
8.318125
8.286709
8.334708
8.345833
8.346750
8.333416
8.373500
8.314833
8.361041
8.320625
8.350334
8.323917
8.354083
8.343042
8.356666
8.326084
8.371250
8.337709
8.369709
8.335750
8.363375
8.331375
8.365542
8.301792
8.348666
8.317542
8.389375
8.348167
8.393709
8.348584
8.364958
8.319542
8.352583
8.320125
8.394125
8.302959
8.399709
8.305500
8.370208
8.329417
8.343583
8.328500
8.387000
8.366875
8.353959
8.342209
8.362250
8.332667
8.364375
8.416666
8.415875
8.349833
8.362750
8.340250
8.367750
8.357083
8.350459
8.336208
8.375041
8.352125
8.382459
8.316041
8.387333
8.362500
8.357667
8.327833
8.376208
8.397958
8.364292
8.321500
8.371958
8.347042
8.397875
8.332000
8.344541
8.324542
8.383000
8.333792
8.370583
8.334334
8.391250
8.326667
8.401542
8.320792
8.370333
8.315042
8.394667
8.327666
8.385000
8.366166
8.387167
8.371375
8.394375
8.345584
8.356292
8.361584
8.383292
8.340750
8.395875
8.358334
8.382208
8.374375
8.384416
8.368709
