9.475958
8.339959
8.312791
8.265792
8.313500
8.256042
8.236500
8.240667
8.272000
8.271250
8.249042
8.248791
8.234791
8.250875
8.269875
8.252625
8.247708
8.245209
8.279084
8.235208
8.266375
8.237625
8.267875
8.227167
8.199958
8.230125
8.284167
8.267500
8.259791
8.223958
8.277917
8.231083
8.250167
8.229166
8.286500
8.238000
8.268291
8.254125
8.301417
8.241083
8.259958
8.235792
8.275542
8.206500
8.277875
8.238291
8.258042
8.182125
8.270709
8.245291
8.246250
8.250875
8.280541
8.229125
8.281875
8.219208
8.276584
8.218541
8.272333
8.226042
8.272750
8.207375
8.225833
8.233500
8.285209
8.234583
8.277959
8.295833
8.279125
8.249750
8.265667
8.240416
8.272791
8.267042
8.291625
8.293000
8.319167
8.238125
8.278500
8.250791
8.308625
8.249750
8.287625
8.260292
8.392458
8.281500
8.309875
8.269167
8.291958
8.277709
8.279083
8.254083
8.302625
8.253333
8.286583
8.283583
8.275958
8.261750
8.279875
8.297042
8.336458
8.291209
8.293334
8.268792
8.288166
8.276875
8.282083
8.253542
8.296333
8.298041
8.300542
8.262958
8.287583
8.228792
8.316541
8.360167
8.377708
8.301125
8.307375
8.301250
8.306125
8.258500
8.297875
8.341042
8.287209
8.308458
8.255792
8.298625
8.317500
8.292667
8.305167
8.284917
8.288584
8.289875
8.268125
8.272333
8.305541
8.282000
8.293333
8.299916
8.293750
8.292333
8.304084
8.217583
8.356500
8.314791
8.333750
8.321125
8.293667
8.313209
8.294583
8.292292
8.297833
8.301500
8.297625
8.262625
8.272166
8.306666
8.305917
8.290584
8.289458
8.293167
8.283750
8.298916
8.327167
8.315750
8.288666
8.301459
8.252292
8.271792
8.317083
8.305292
8.307000
8.290375
8.309625
8.310458
8.263083
8.254292
8.241667
8.188792
8.175666
8.099833
8.338042
8.300167
8.303375
8.320125
8.317708
8.306917
8.303709
8.289917
8.257458
8.331792
8.304750
8.313167
8.298041
8.323500
8.321125
8.327958
8.283083
8.232584
8.298917
8.308584
8.300584
8.362084
8.308750
8.300792
8.308875
8.309083
8.313875
8.312584
8.317500
8.301667
8.310583
8.308667
8.318709
8.278917
8.311875
8.309750
8.313542
8.306917
8.337417
8.332000
8.327417
8.322750
8.334125
8.307542
8.328042
8.296125
8.313125
8.308541
8.336250
8.324500
8.283042
8.334167
8.311708
8.316083
8.329750
8.338459
8.304084
8.313583
8.359208
8.331542
8.309375
8.310125
8.318292
8.313625
8.313375
8.313750
8.324125
8.319417
8.293041
8.304458
8.326792
8.340166
8.307500
8.295125
8.931958
8.372709
8.326792
8.336667
8.342166
8.327167
8.316375
8.328833
8.305417
8.316375
8.307125
8.317667
8.300291
8.330500
8.326500
8.319167
8.327000
8.308625
8.327666
8.338542
8.320125
8.352083
8.320333
8.340541
8.332459
8.330542
8.308250
8.336250
8.331541
8.310500
8.309834
8.335000
8.228750
8.318542
8.330875
8.329291
8.320125
8.349917
8.299000
8.297375
8.339459
8.332791
8.351334
8.341458
8.334292
8.328084
8.323625
8.318625
8.330792
8.330875
8.355500
8.332875
8.341792
8.353042
8.323000
8.349833
8.314667
8.357000
8.321834
8.340666
8.352500
8.349542
8.311375
8.359833
8.350958
8.354625
8.309166
8.314458
8.315333
8.338458
8.335042
8.337167
8.339333
8.343083
8.366125
8.350709
8.357666
8.355750
8.357583
8.343834
8.347458
8.351625
8.359125
8.380250
8.387958
8.343958
8.358209
8.350750
8.354250
8.364167
8.344500
8.332375
8.324542
8.345417
8.347667
8.359083
8.315292
8.356125
8.345208
8.369209
8.339625
8.355750
8.350875
8.342000
8.359166
8.347667
8.357875
8.372709
8.395833
8.358708
8.346667
8.339500
8.349333
8.379833
8.358292
8.365458
8.371334
8.312084
8.358458
8.365208
8.367250
8.364125
8.352750
8.350541
8.361000
8.373667
8.382583
8.339500
8.379333
8.366125
8.328459
8.403667
8.382041
8.404542
8.370292
8.367875
8.389833
8.377125
8.352917
8.356250
8.368625
8.360917
8.358583
8.369750
