9.310083
8.150542
8.059083
8.069084
8.028833
8.059250
8.000250
8.147083
8.059958
8.051958
8.030750
8.024666
8.042750
8.011375
8.027208
8.045083
8.044000
8.045417
8.088292
8.114375
8.115958
8.078000
8.113333
8.097208
8.120208
8.087458
8.146042
8.087750
8.121291
8.074791
8.144000
8.119250
8.129375
8.120792
8.118416
8.100209
8.091000
8.098833
8.104292
8.095625
8.152916
8.136500
8.133375
8.103542
8.093541
8.123292
8.124333
8.101584
8.158709
8.158750
8.119625
8.156416
8.105250
8.174167
8.109833
8.147625
8.089250
8.135708
8.108750
8.143666
8.116167
8.120167
8.108625
8.150792
8.092375
8.123458
8.118125
8.146542
8.122791
8.237792
8.142750
8.132500
8.121458
8.173041
8.109833
8.144875
8.123625
8.147375
8.132958
8.114667
8.117500
8.131375
8.120166
8.119000
8.112375
8.188708
8.105917
8.108750
8.163084
8.062125
8.189875
8.132416
8.306750
8.118584
8.172584
8.114958
8.168167
8.131375
8.168208
8.146750
8.241042
8.313375
8.203500
8.144625
8.148583
8.130458
8.139667
8.150041
8.150208
8.135250
8.159584
8.117667
8.133625
8.118750
8.155500
8.147417
8.150458
8.135250
8.178291
8.150208
8.142083
8.125542
8.147709
8.142708
8.140875
8.142708
8.128042
8.135042
8.152708
8.140833
8.176417
8.246542
8.338542
8.225000
8.170417
8.152458
8.149500
8.150458
8.144625
8.189375
8.142208
8.202042
8.169375
8.185291
8.254375
8.301125
8.291042
8.274291
8.300625
8.286375
8.284042
8.290833
8.281667
8.272208
8.296166
8.272125
8.282625
8.263333
8.312042
8.280750
8.269291
8.281792
8.300417
8.294375
8.294750
8.291792
8.311500
8.271833
8.281333
8.267084
8.301916
8.292125
8.288250
8.307459
8.305167
8.282875
8.291834
8.263000
8.296292
8.296833
8.315208
8.303708
8.317458
8.316083
8.288208
8.337583
8.253125
8.300125
8.112584
8.179917
8.199375
8.340833
8.307917
8.332791
8.338625
8.397042
8.311541
8.397041
8.333167
8.315791
8.324041
8.324959
8.316375
8.303417
8.321208
8.356375
8.308583
8.302334
8.350125
8.326584
8.311416
8.313833
8.361583
8.315083
8.310500
8.308875
8.296583
8.330625
8.316334
8.311416
8.332250
8.314375
8.338000
8.324125
8.322916
8.304625
8.316458
8.321708
8.323208
8.305583
8.323250
8.310917
8.335041
8.314875
8.356375
8.310417
8.332250
8.319625
8.323417
8.324167
8.315750
8.306500
8.337958
8.320166
8.326791
8.321000
8.339833
8.312666
8.337625
8.325791
8.344458
8.370959
8.338791
8.311291
8.343792
8.311208
8.962209
8.279292
8.232042
8.339167
8.344875
8.326791
8.414500
8.368791
8.359292
8.339291
8.366083
8.334625
8.351834
8.319458
8.353709
8.327459
8.346625
8.311542
8.245583
8.278375
8.296833
8.311667
8.240041
8.274000
8.217958
8.409750
8.369917
8.361792
8.376959
8.337333
8.364292
8.315875
8.357291
8.343208
8.340416
8.321167
8.361375
8.328500
8.352042
8.344875
8.322500
8.342375
8.346334
8.334834
8.344334
8.340083
8.379375
8.348833
8.364125
8.367000
8.332625
8.331875
8.348459
8.325041
8.352208
8.319959
8.356000
8.352208
8.348500
8.323250
8.348958
8.327208
8.357125
8.318625
8.352125
8.341916
8.367667
8.311917
8.379208
8.302166
8.349834
8.363167
8.352042
8.349584
8.358500
8.340042
8.394542
8.367375
8.350375
8.326500
8.353625
8.341750
8.350750
8.327792
8.351458
8.352584
8.349958
8.329875
8.369584
8.353542
8.377541
8.355333
8.364042
8.350459
8.370291
8.328333
8.397000
8.355625
8.353000
8.357834
8.375958
8.372750
8.364417
8.360584
8.361333
8.353208
8.365750
8.344500
8.354667
8.355875
8.379500
8.369583
8.385959
8.362917
8.395625
8.384125
8.378084
8.380042
8.376042
8.356458
8.378375
8.378291
8.407750
8.393000
8.383875
8.361292
8.383000
8.368708
8.393791
8.392375
8.330583
8.360500
8.383958
8.442959
8.438000
8.380250
8.375375
8.382459
8.370625
8.405000
8.368250
8.385792
8.353458
8.384584
