31.921500
8.334958
8.210000
8.253000
8.183917
8.314167
8.202125
8.168166
8.267458
8.310166
8.676875
9.464042
10.324208
8.769708
8.732084
8.242416
8.254250
8.244084
8.269833
8.270166
8.281375
8.252250
8.235375
8.205750
8.217125
8.211041
8.219959
8.212458
8.240958
8.226291
8.217625
8.242708
8.220084
8.247000
8.235541
8.224459
8.220084
8.221292
8.236625
8.252292
8.245375
8.233541
8.248791
8.226125
8.216666
8.237042
8.219000
8.228750
8.269458
8.247916
8.260792
8.238084
8.212459
8.250792
8.254500
8.248000
8.272417
8.275500
8.292750
8.269042
8.270042
8.290416
8.275416
8.298541
8.281042
8.297084
8.276834
8.256875
8.256917
8.276917
8.272167
8.294167
8.275209
8.268083
8.276375
8.278792
8.285250
8.314000
8.264375
8.260250
8.301625
8.289833
8.303041
8.276917
8.380292
8.285291
8.385500
8.262458
8.384458
8.380625
8.304917
8.322083
8.370375
8.327209
8.300291
8.333250
8.334750
8.284083
8.379500
8.279916
8.385167
8.296875
8.369625
8.292458
8.377459
8.310875
8.351583
8.325958
8.453792
8.310167
8.305917
8.302125
8.293833
8.318250
8.341208
8.304042
8.364083
8.203792
8.286916
8.358792
8.354167
8.374875
8.418208
8.318750
8.348292
8.314792
8.339959
8.301542
8.373750
8.322000
8.339291
8.287709
8.382875
8.312750
8.352833
8.312208
8.346500
8.306625
8.359500
8.296125
8.368542
8.315875
8.347208
8.307083
8.353083
9.006083
8.399542
8.714625
8.654125
8.391208
8.297375
8.445083
8.294333
8.399250
8.290292
8.394209
8.287333
8.374250
8.351500
8.381875
8.286458
8.399208
8.304834
8.437000
8.282625
8.434791
8.289875
8.422083
8.310750
8.428083
8.297833
8.473875
8.342209
8.428125
8.298334
8.422333
8.310125
8.403042
8.358166
8.432042
8.292792
8.398250
8.301542
8.450625
8.297542
8.451875
8.297417
8.431500
8.319125
8.428333
8.399583
8.432250
8.449375
8.361833
8.452458
8.298292
8.442500
8.308416
8.408000
8.334833
8.369459
8.390667
8.386959
8.335042
8.371333
8.325667
8.336917
8.374917
8.427500
8.353541
8.402167
8.363250
8.335000
8.354375
8.289958
8.311000
8.368875
8.321667
8.324416
8.319583
8.362292
8.329125
8.338125
8.325625
8.329583
8.346333
8.337916
8.326459
8.346208
8.319250
8.362416
8.312958
8.341416
8.359750
8.332667
8.342292
8.343083
8.280625
8.344542
8.322125
8.331208
8.313167
8.352708
8.364750
8.350125
8.339708
8.335292
8.326250
8.314125
8.364042
8.317416
8.351000
8.365125
8.335458
8.328292
8.365958
8.993542
8.400792
8.407750
8.313667
8.390791
8.324583
8.365125
8.362709
8.355833
8.323542
8.414000
8.343542
8.432500
8.330584
8.348500
8.330417
8.393667
8.333875
8.401792
8.361709
8.430208
8.289541
8.392625
8.359459
8.415542
8.331291
8.422084
8.341750
8.415458
8.350875
8.399625
8.362667
8.391458
8.331500
8.408750
8.362125
8.408333
8.343458
8.452250
8.357917
8.433375
8.368250
8.559958
8.367667
8.438458
8.368750
8.450708
8.377959
8.537250
8.333417
8.409125
8.351917
8.634667
8.389084
8.526625
8.370666
8.441833
8.375375
8.439125
8.406875
8.542667
8.436417
8.451875
8.374834
8.433792
8.366916
8.438416
8.339958
8.449250
8.375833
8.454917
8.310792
8.582375
8.340625
8.483875
8.349250
8.472916
8.396708
8.446542
8.338667
8.461708
8.385875
8.462583
8.358667
8.457917
8.354750
8.480208
8.316000
8.516042
8.342333
8.480834
8.360708
8.390750
8.362000
8.408000
8.499250
8.367583
8.458750
8.421042
8.442750
8.362084
8.387000
8.426459
8.365500
8.401334
8.323584
8.386500
8.376583
8.410959
8.374667
8.424000
8.367750
8.377917
8.348916
8.419292
8.407667
8.403333
8.377334
8.373584
8.396208
8.368958
8.398792
8.345541
8.401083
8.397041
8.354000
8.354125
8.357333
8.370917
8.350750
8.373750
8.380959
8.391667
8.346541
8.383250
8.329417
8.372500
8.304500
8.378000
8.367166
8.392625
8.392958
8.387375
8.364500
