30.340125
8.341167
8.273333
8.200542
8.200334
8.381208
8.428500
8.189292
8.332625
8.238375
8.827042
8.629833
10.612250
8.793041
8.293916
8.190417
8.251917
8.211250
8.234625
8.220542
8.248750
8.202125
8.156000
8.198042
8.240042
8.226292
8.199167
8.213875
8.232833
8.208125
8.264375
8.267375
8.264959
8.207166
8.281791
8.220708
8.232917
8.217667
8.253084
8.225000
8.251167
8.222458
8.255917
8.220917
8.225583
8.222750
8.241000
8.224792
8.248584
8.221167
8.241250
8.230500
8.243333
8.215041
8.259125
8.251125
8.317000
8.261500
8.305542
8.213625
8.293583
8.242625
8.269125
8.183000
8.251583
8.277250
8.289541
8.313084
8.305084
8.237291
8.274334
8.237208
8.338292
8.268375
8.278083
8.341083
8.299042
8.295459
8.252834
8.401416
9.564709
9.072125
9.162625
8.166708
8.163250
8.097459
8.095584
8.029250
8.140875
8.191375
8.157750
8.065041
8.071584
8.035584
8.062167
8.079500
8.083500
8.046375
8.033250
8.014792
8.030833
8.028500
8.013333
8.032667
8.032084
8.015833
8.015167
8.044458
8.027500
8.031917
8.021209
8.035792
8.044916
8.028667
8.020875
8.034250
8.061625
8.058959
8.025000
8.050333
8.094333
8.183458
8.298666
8.258417
8.230167
8.125459
8.087542
8.095125
8.006958
8.029000
8.035291
8.028709
8.061250
8.045708
8.042709
8.047042
8.031208
8.044708
8.159625
8.032125
8.038417
8.049250
8.052084
8.033916
8.061875
8.020000
8.027875
8.085083
8.135709
8.063125
8.120833
8.048250
8.111417
8.126666
8.092125
8.057833
8.122292
8.093959
8.074167
8.066667
8.060459
8.084500
8.058125
8.069417
8.038708
8.034541
8.033167
8.038416
8.053041
8.061042
8.046500
8.074708
8.025209
8.058459
8.030083
8.064458
8.054875
8.085584
8.063000
8.087833
8.137375
8.202375
8.065167
8.078667
8.047041
8.084125
8.064875
8.086375
8.062500
8.082500
8.079458
8.091542
8.067541
8.080542
8.075084
8.094042
8.132958
8.081583
8.059333
8.107250
8.074916
8.043250
8.048042
8.133667
8.147167
8.148750
8.187667
8.162167
8.183000
8.162625
8.179958
8.238834
8.212167
8.133625
8.214250
8.184792
8.200542
8.181416
8.200084
8.194500
8.208000
8.175000
8.180250
8.170833
8.173209
8.146583
8.207750
8.161667
8.177791
8.130000
8.196292
8.198375
8.213250
8.161875
8.192791
8.162041
8.157958
8.227000
8.198000
8.165750
8.185709
8.191167
8.183000
8.173542
8.176958
8.157291
8.177500
8.183167
8.164625
8.205208
8.189417
8.185625
8.174958
8.207917
8.198917
8.200834
8.889250
8.249917
8.236541
8.344959
8.307792
8.341042
8.297500
8.335417
8.289458
8.351000
8.228292
8.300667
8.304000
8.351500
8.284917
8.333625
8.292750
8.324917
8.296417
8.341000
8.294958
8.335792
8.294000
8.342667
8.302333
8.315791
8.302708
8.327792
8.315750
8.310625
8.293375
8.308875
8.291959
8.319625
8.293291
8.335625
8.322333
8.330333
8.289125
8.317333
8.312708
8.326250
8.307209
8.325750
8.315792
8.328916
8.330542
8.341417
8.304709
8.345291
8.316291
8.357792
8.332416
8.363750
8.326583
8.338750
8.326417
8.287584
8.323042
8.337416
8.314959
8.317375
8.332458
8.347167
8.318917
8.318000
8.326542
8.337458
8.352625
8.330500
8.338208
8.384708
8.329708
8.335417
8.343541
8.309500
8.313542
8.341041
8.316000
8.340583
8.318583
8.323542
8.328667
8.343708
8.315917
8.325958
8.327375
8.342958
8.323833
8.354458
8.329959
8.334083
8.345083
8.349500
8.334417
8.306667
8.343583
8.338042
8.338833
8.344583
8.357792
8.342500
8.360417
8.353792
8.352708
8.361000
8.371166
8.310083
8.372292
8.324458
8.373000
8.341666
8.338250
8.379041
8.341625
8.374542
8.332459
8.367250
8.308334
8.375000
8.366042
8.375208
8.339833
8.366667
8.344583
8.386291
8.348041
8.365500
8.325375
8.338417
8.330833
8.343042
8.323500
8.378709
8.334125
8.366209
8.365000
8.406792
8.327958
8.370875
8.329875
8.385042
8.334417
8.345292
