9.454000
8.315625
27.122500
8.260459
8.064459
8.145791
8.022916
8.211250
8.248500
8.205708
8.247459
8.117500
8.220458
8.203166
8.260542
8.250875
8.275500
8.141375
8.190458
8.127084
8.092333
8.133458
8.130333
8.032541
8.233292
8.213208
8.263084
8.197792
8.217875
8.215959
8.284417
8.217084
8.209500
8.179958
8.210959
8.234000
8.260459
8.220750
8.129084
8.111166
8.137709
8.051250
8.101833
8.084833
8.292167
8.242166
8.187709
8.233209
8.202125
8.255292
8.101584
8.205541
8.221583
8.167500
8.212417
8.249084
8.236709
8.213292
8.119416
8.205250
8.183542
8.243459
8.224375
8.174666
8.196917
8.277584
8.215958
8.191292
8.162708
8.267167
8.195750
8.208333
8.226375
8.148000
8.200459
8.100208
8.113500
8.219958
8.227292
8.230708
8.238417
8.255500
8.223166
8.278416
8.192000
8.252291
8.277750
8.236459
8.266750
8.143000
8.195417
8.236792
8.258333
8.366791
8.276833
8.270917
8.263958
8.232459
8.307916
8.149834
8.132708
8.304125
8.232083
8.254459
8.276000
8.232666
8.203250
8.230084
8.082750
8.206458
8.156166
8.157375
8.180208
8.179416
8.237042
8.201083
8.228875
8.225000
8.257375
8.234416
8.271333
8.210917
8.220000
8.211667
8.354625
8.304750
8.164000
8.177000
8.164750
8.163875
8.325250
8.292208
8.290917
8.299375
8.313292
8.260708
8.152417
8.337916
8.325708
8.287708
8.307667
8.283708
8.323833
8.286000
8.307042
8.243709
8.233334
8.233958
8.238250
8.136958
8.237042
8.113667
8.144916
8.096709
8.225542
8.175750
8.278541
8.142583
8.182791
8.279084
8.340959
8.279708
8.269584
8.185208
8.145791
8.230542
8.218250
8.128916
8.166333
8.229334
8.246000
8.209542
8.257417
8.228958
8.108833
8.116708
8.119042
8.081416
8.236167
8.258125
8.152917
8.131042
8.256000
8.235709
8.256542
8.138125
8.271292
8.118542
8.102167
8.255584
8.129208
8.118750
8.375667
8.462917
8.613167
8.596500
8.578500
8.589458
8.611625
8.646500
8.560750
8.531208
8.410333
8.407209
8.457125
8.446833
8.333333
8.274958
8.300458
8.247083
8.316416
8.269625
8.208625
8.294958
8.212583
8.299084
8.347458
8.317917
8.339750
8.310208
8.377292
8.381666
8.293625
8.242916
8.247292
8.264834
8.308708
8.242584
8.323459
8.194750
8.262250
8.283291
8.159584
8.330792
8.222750
8.158417
8.325500
8.283042
8.338333
8.282500
8.296375
8.301500
8.371250
8.237667
8.195292
8.125417
8.141500
8.214958
8.247375
8.110625
8.155958
8.275833
8.277167
8.292875
8.194875
8.316042
9.028250
8.298541
8.261083
8.216416
8.354209
8.359625
8.277167
8.237542
8.337167
8.358667
8.175291
8.312459
8.362750
8.233708
8.283166
8.429375
8.447667
8.356500
8.440125
8.495792
8.502333
8.392458
8.367458
8.349208
8.350291
8.362291
8.397834
8.345291
8.383125
8.343708
8.356167
8.333541
8.363708
8.375042
8.385125
8.344792
8.391667
8.372500
8.368834
8.337917
8.378000
8.367375
8.385167
8.345125
8.346042
8.335666
8.404708
8.363000
8.404542
8.375792
8.386000
8.322583
8.372458
8.352708
8.385209
8.353791
8.404166
8.341292
8.387333
8.382250
8.407750
8.351083
8.357708
8.333417
8.397375
8.354625
8.368708
8.354292
8.394167
8.374542
8.365375
8.323958
8.395917
8.350042
8.397625
8.341250
8.476542
8.359500
8.370333
8.432084
8.405833
8.358542
8.422458
8.379458
8.395417
8.351833
8.364417
8.331625
8.370666
8.309416
8.259125
8.192500
8.282458
8.295833
8.297000
8.288000
8.366167
8.334750
8.409333
8.355500
8.398167
8.397500
8.348417
8.362834
8.377041
8.338417
8.371375
8.334417
8.377500
8.360833
8.364625
8.334792
8.371500
8.349792
8.389333
8.352083
8.371500
8.335417
8.365250
8.353291
8.372750
8.349333
8.369417
8.327708
8.378875
8.335125
8.365500
8.336000
8.369542
8.372834
8.375083
8.352041
8.289375
8.366625
8.350792
8.323084
8.383583
8.291500
8.403250
8.343333
8.388459
8.349333
8.387958
8.342500
