9.421292
8.390917
8.268417
8.283291
8.254000
8.274125
8.246416
8.261917
8.231917
8.238000
8.269542
8.243625
8.239292
8.226250
8.239583
8.302916
8.243667
8.241750
8.223041
8.282875
8.263250
8.282083
8.245000
8.270750
8.250584
8.277792
8.221834
8.184541
8.267833
8.360083
8.249125
8.263042
8.249083
8.268750
8.295417
8.286708
8.270208
8.264833
8.284625
8.267042
8.289667
8.248042
8.253084
8.260167
8.272209
8.220083
8.278000
8.243500
8.269333
8.262417
8.283958
8.232834
8.280666
8.254500
8.250084
8.248750
8.283041
8.278042
8.280458
8.263583
8.252917
8.240583
8.302833
8.260917
8.277667
8.246958
8.266958
8.259625
8.271125
8.263167
8.300959
8.255333
8.284666
8.254709
8.281000
8.268333
8.289125
8.246125
8.276875
8.243833
8.292709
8.269000
8.265875
8.393083
8.276625
8.252125
8.301833
8.271167
8.293583
8.258125
8.280042
8.285167
8.308750
8.285125
8.303083
8.250500
8.293583
8.236375
8.289667
8.239000
8.265708
8.237916
8.304791
8.275416
8.280500
8.258500
8.318750
8.260333
8.290208
8.256292
8.280167
8.234417
8.243708
8.307542
8.455042
8.281833
8.326709
8.283167
8.297792
8.246167
8.315917
8.255334
8.295167
8.247792
8.307916
8.230916
8.317542
8.211917
8.335500
8.261833
8.311417
8.242916
8.303250
8.240750
8.323000
8.222750
8.308458
8.230000
8.273541
8.254041
8.295458
8.222167
8.257375
8.350209
8.349875
8.254375
8.319292
8.222750
8.292458
8.270750
8.318458
8.263208
8.323750
8.295625
8.306334
8.315584
8.323666
8.271833
8.315792
8.249208
8.297625
8.268917
8.334333
8.279417
8.321541
8.262958
8.310875
8.263292
8.318584
8.266333
8.316792
8.261167
8.313291
8.274583
8.297833
8.294792
8.322625
8.295500
8.327708
8.299417
8.351417
8.294166
8.326708
8.284041
8.330250
8.321083
8.326375
8.278916
8.291334
8.371917
8.311666
8.354750
8.348833
8.328292
8.340417
8.365000
8.345084
8.337000
8.329417
8.323292
8.309583
8.298375
8.299292
8.342958
8.333625
8.343125
8.344958
8.367583
8.321750
8.297083
8.311667
8.350208
8.426291
8.301417
8.346083
8.308167
8.338833
8.311792
8.348916
8.290084
8.342708
8.442250
8.336667
8.299833
8.339458
8.301667
8.360958
8.312084
8.374792
8.287750
8.366875
8.299375
8.329666
8.300667
8.338291
8.348666
8.342833
8.335208
8.352042
8.314458
8.347542
8.290292
8.347791
8.311541
8.321916
8.302750
8.335208
8.431708
8.374834
8.342291
8.319083
8.316541
8.357458
8.313291
8.359500
8.350083
8.985375
8.330709
8.393417
8.309542
8.328041
8.326500
8.292708
8.303000
8.338083
8.302625
8.376417
8.267875
8.320708
8.278750
8.330125
8.281500
8.332625
8.297791
8.326750
8.292125
8.349834
8.297333
8.352792
8.299125
8.325708
8.296666
8.333834
8.306125
8.316167
8.316459
8.347000
8.303875
8.340208
8.311333
8.347791
8.294333
8.368208
8.332875
8.324333
8.325625
8.372542
8.336542
8.345125
8.304375
8.372125
8.306708
8.335500
8.354875
8.357166
8.313750
8.323584
8.326416
8.359000
8.290209
8.353375
8.342417
8.353292
8.342000
8.345875
8.323292
8.345167
8.333167
8.337500
8.317167
8.346042
8.336208
8.327917
8.316875
8.350041
8.312500
8.370375
8.323084
8.334084
8.329166
8.352583
8.335958
8.399292
8.325667
8.340208
8.335000
8.267708
8.265792
8.461250
8.376875
8.317250
8.316625
8.294709
8.258667
8.340458
8.328458
8.353250
8.303500
8.458584
8.370500
8.309625
8.365084
8.435375
8.374125
8.342958
8.403833
8.321209
8.295959
8.442250
8.602917
8.721125
8.278500
8.177625
8.176375
8.132500
8.108625
8.143291
8.137334
8.143459
8.106166
8.132375
8.162750
8.168500
8.116209
8.141667
8.115542
8.222166
8.152500
8.160792
8.094667
8.122125
8.232917
8.123916
8.122833
8.118208
8.096708
8.117083
8.097208
8.115708
8.112750
8.140541
8.107667
8.185958
8.121334
8.135042
8.100792
8.108750
8.103542
8.141625
8.107750
