9.342667
8.367917
8.255000
8.272416
8.226708
8.257625
8.313333
8.228500
8.239792
8.290834
8.235875
8.271292
8.260958
8.260583
8.249584
8.260375
8.262583
8.260084
8.292791
8.240000
8.250375
8.314666
8.242667
8.229167
8.286041
8.254125
8.258666
8.268625
8.249375
8.285209
8.395916
8.303000
8.279917
8.265292
8.372875
8.285167
8.360084
8.291959
8.293708
8.270583
8.275792
8.355334
8.269500
8.368416
8.266208
8.266083
8.285875
8.224417
8.273875
8.283500
8.273458
8.271584
8.272125
8.293208
8.275958
8.288583
8.282292
8.301708
8.279291
8.274833
8.315750
8.262875
8.288917
8.248167
8.277459
8.283250
8.270750
8.263916
8.262792
8.248416
8.287792
8.231833
8.305709
8.272625
8.291833
8.269500
8.277125
8.275375
8.337708
8.275083
8.287416
8.262166
8.302000
8.280500
8.282625
8.254083
8.306541
8.273917
8.295208
8.295792
8.302083
8.257375
8.309083
8.289000
8.306584
8.276458
8.287125
8.268666
8.318709
8.368750
8.303250
8.279083
8.338625
8.301708
8.314250
8.310333
8.321416
8.250542
8.319833
8.389792
8.308625
8.337584
8.290708
8.284167
8.294541
8.297625
8.300083
8.267041
8.325584
8.279333
8.294750
8.318458
8.304292
8.308791
8.310291
8.301875
8.319792
8.294708
8.310667
8.250416
8.292542
8.296583
8.310375
8.301625
8.307667
8.276334
8.309000
8.276875
8.319500
8.367042
8.318000
8.297125
8.310791
8.253042
8.324208
8.370417
8.306292
8.244083
8.331292
8.290459
8.293208
8.286791
8.320417
8.271750
8.303291
8.273833
8.382834
8.278917
8.306750
8.267083
8.298709
8.308417
8.309084
8.283625
8.301958
8.275125
8.315709
8.280875
8.358958
8.297708
8.356167
8.281041
8.330125
8.283291
8.310083
8.268750
8.311750
8.259042
8.323792
8.232459
8.285375
8.298375
8.310250
8.298666
8.317916
8.321959
8.302125
8.274792
8.310584
8.296208
8.346500
8.306667
8.318417
8.304042
8.346042
8.302208
8.336959
8.316291
8.332125
8.309042
8.307500
8.301667
8.337750
8.290042
8.297084
8.288833
8.343333
8.264416
8.348000
8.267750
8.329625
8.281542
8.346125
8.258875
8.361834
8.258375
8.347333
8.265333
8.336708
8.282042
8.325875
8.272417
8.339583
8.253292
8.348625
8.294833
8.363667
8.293916
8.329792
8.263792
8.374709
8.286625
8.317167
8.257833
8.362958
8.271750
8.329583
8.311209
8.350083
8.289209
8.332167
8.291167
8.337458
8.292083
8.355084
8.284833
8.341833
8.314958
8.351959
8.276916
8.338583
8.300125
8.369000
8.320708
8.342958
8.297541
8.974417
8.353167
8.406125
8.290834
8.359791
8.286667
8.350209
8.254083
8.292334
8.245917
8.344333
8.272875
8.356042
8.258542
8.372458
8.283834
8.346458
8.284917
8.353708
8.268833
8.362500
8.285917
8.373750
8.267459
8.354834
8.311042
8.368459
8.284875
8.328875
8.267458
8.334875
8.280000
8.348333
8.289833
8.344250
8.274625
8.355584
8.292459
8.353416
8.305041
8.362458
8.305584
8.367167
8.314333
8.362625
8.328542
8.366708
8.347375
8.361959
8.320667
8.365458
8.345583
8.344459
8.322292
8.356166
8.318125
8.350791
8.326334
8.369542
8.323958
8.343959
8.339292
8.350583
8.313542
8.361209
8.334625
8.370250
8.316417
8.342542
8.325083
8.361250
8.289000
8.373625
8.281542
8.374167
8.282750
8.364834
8.304875
8.381000
8.310458
8.361167
8.289250
8.382792
8.296375
8.375500
8.311708
8.360250
8.318584
8.357375
8.294416
8.375250
8.318667
8.342625
8.283500
8.363041
8.307458
8.356792
8.293292
8.390292
8.265375
8.390541
8.358583
8.388333
8.309792
8.377667
8.312458
8.349833
8.346000
8.385583
8.318042
8.381167
8.340958
8.399166
8.324709
8.384250
8.308667
8.396916
8.310375
8.370667
8.301459
8.390250
8.305959
8.403125
8.351708
8.408833
8.348292
8.392458
8.282917
8.372583
8.339208
8.385583
8.309458
8.371708
8.319667
8.375375
8.321417
8.372792
8.314167
8.386500
8.348375
8.415583
8.348292
8.376917
8.321833
