14.527000
13.284250
13.146833
13.138625
13.086125
13.102584
13.091125
13.089042
13.072292
13.077917
13.086750
13.090375
13.111042
13.074625
13.178334
13.056292
13.085375
13.074875
13.098958
13.108750
13.112166
13.076542
13.082459
13.145833
13.073500
13.081417
13.094750
13.073834
13.129750
13.029791
13.144333
13.131792
13.091416
13.096084
13.115042
13.128292
13.091209
13.110042
13.109417
13.111000
13.106042
13.142500
13.103375
13.111292
13.140375
13.154792
13.171959
13.106000
13.106791
13.104125
13.103625
13.117666
13.066541
13.071833
13.097792
13.120833
13.215459
13.119834
13.131084
13.113000
13.081042
13.097458
13.100667
13.106708
13.146916
13.104250
13.154334
13.132042
13.137458
13.153541
13.166584
13.123458
13.151875
13.141250
13.167208
13.260334
13.287791
13.162125
13.149417
13.144708
13.157625
13.125125
13.122709
13.130916
13.117500
13.173292
13.151959
13.125792
13.125833
13.089375
13.154500
13.138875
13.260292
13.099125
13.233959
13.146750
13.196625
13.211583
13.134208
13.152584
13.155584
13.179417
13.183542
13.103500
13.187000
13.144833
13.152791
13.129833
13.169583
13.150250
13.286375
13.178125
13.159625
13.147417
13.174708
13.178500
13.132250
13.203083
13.093917
13.148625
13.137000
13.149250
13.174167
13.180750
13.152125
13.145875
13.124541
13.162333
13.134959
13.118333
13.136833
13.166417
13.128625
13.111500
13.134416
13.163875
13.184792
13.142459
13.152666
13.151833
13.173375
13.177542
13.172834
13.122667
13.274458
13.181291
13.187250
13.132750
13.173875
13.170292
13.170292
13.177291
13.175459
13.327875
13.158083
13.158542
13.252542
13.178041
13.204417
13.189125
13.154125
13.141583
13.197916
13.178833
13.245500
13.205083
13.162333
13.188459
13.203667
13.194667
13.170792
13.205666
13.187625
13.235625
13.159917
13.145125
13.179625
13.333042
13.182916
13.155875
13.192375
13.157583
13.197375
13.202167
13.154417
13.178000
13.204958
13.206458
13.202459
13.155208
13.173583
13.205417
13.221417
13.209750
13.210959
13.216084
13.219875
13.191667
13.248500
13.204584
13.184458
13.219834
13.178000
13.154875
13.192125
13.162250
13.209167
13.189292
13.226375
13.210667
13.203208
13.200083
13.253750
13.228667
13.205250
13.214167
13.175583
13.215417
13.212000
13.189250
13.233250
13.227292
13.205250
13.221875
13.193958
13.237209
13.300125
13.205875
13.226542
13.179792
13.247167
13.224042
13.226666
13.172834
13.233333
13.238791
13.214000
13.170250
13.199833
13.247292
13.274708
13.237667
13.237750
13.222166
13.188750
13.220541
13.248583
13.222166
13.249500
13.192625
13.281542
13.197666
13.211833
13.232334
13.173084
13.219667
14.006666
13.414583
13.244000
13.263042
13.239917
13.249042
13.225875
13.231791
13.302667
13.242250
13.279166
13.237875
13.207166
13.265583
13.196125
13.218375
13.249666
13.228875
13.199792
13.219833
13.235250
13.199792
13.193709
13.205583
13.477792
13.457708
13.467625
13.479209
13.466167
13.445291
13.496333
13.469167
13.470583
13.460208
13.474791
13.471584
13.450750
13.413000
13.535083
13.460334
13.437333
13.463250
13.465875
13.506375
13.494583
13.453042
13.445833
13.474750
13.508292
13.501959
13.482458
13.545250
13.537209
13.503333
13.487292
13.430042
13.503542
13.394166
13.492417
13.504334
13.467708
13.466542
13.445584
13.462375
13.496042
13.468125
13.480917
13.442500
13.477958
13.547375
13.444292
13.389416
13.469375
13.375000
13.523541
13.446250
13.447792
13.491042
13.439334
13.481916
13.545084
13.376791
13.485000
13.470500
13.452500
13.514167
13.463000
13.447083
13.452084
13.447875
13.398708
13.315291
13.465583
13.466084
13.455959
13.508625
13.530750
13.456875
13.516667
13.495292
13.367583
13.518584
13.450666
13.454584
13.479042
13.492875
13.535834
13.483834
13.489958
13.499083
13.479292
13.535542
13.494291
13.469125
13.498666
13.475667
13.498375
13.449750
13.469834
13.470584
13.492084
13.536958
13.499083
13.458292
13.499916
13.496333
13.470375
13.511417
13.474625
13.483250
13.470292
13.484208
13.536250
13.472875
13.459500
13.473000
13.504583
13.542458
13.558167
13.471209
13.513708
13.440875
13.499083
13.484083
