14.464125
13.531541
13.423542
13.407167
13.405417
13.400208
13.403084
13.382833
13.390333
13.361375
13.389875
13.405000
13.381000
13.377250
13.374916
13.375666
13.380584
13.336667
13.400250
13.335042
13.353916
13.363375
13.345666
13.369958
13.346334
13.313708
13.426625
13.351084
13.350708
13.338250
13.357750
13.406667
13.336167
13.453416
13.380458
13.379084
13.405375
13.372291
13.349708
13.453709
13.303250
13.423125
13.396625
13.387125
13.381958
13.325666
13.430750
13.406958
13.410708
13.382583
13.380750
13.400208
13.430500
13.408042
13.355750
13.315500
13.400375
13.397625
13.286833
13.270667
13.379791
13.419125
13.409917
13.395958
13.376000
13.363375
13.442083
13.431042
13.344917
13.260750
13.385541
13.454584
13.394583
13.374417
13.390667
13.330333
13.441334
13.400000
13.233041
13.372750
13.451041
13.416500
13.401416
13.412458
13.430417
13.421958
13.393750
13.401625
13.442208
13.432541
13.413250
13.444791
13.432375
13.393208
13.413833
13.402459
13.399750
13.438792
13.433792
13.399667
13.406583
13.387458
13.420917
13.437708
13.437917
13.402292
13.420167
13.414292
13.416583
13.394625
13.418375
13.413916
13.474250
13.451334
13.398208
13.388167
13.388166
13.380750
13.451125
13.408333
13.433208
13.416375
13.411625
13.436375
13.390375
13.399291
13.402625
13.388709
13.434458
13.436708
13.385084
13.398667
13.433500
13.414375
13.421375
13.417625
13.442000
13.420208
13.426917
13.447500
13.391792
13.440750
13.384875
13.447292
13.430208
13.402792
13.439208
13.457167
13.427542
13.456709
13.403917
13.452375
13.388042
13.454792
13.436416
13.445125
13.442334
13.441584
13.457125
13.468125
13.458583
13.476291
13.460916
13.433917
13.434125
13.470333
13.455500
13.475125
13.492792
13.465625
13.520583
13.418708
13.135833
13.240833
13.286625
13.250208
13.316792
13.329958
13.292709
13.237083
13.265417
13.351167
13.312042
13.423334
13.369041
13.331792
13.234500
13.118167
13.273750
13.298500
13.571083
13.664500
13.463709
13.041875
12.978208
13.048416
12.985500
12.938250
12.874250
12.888167
12.888917
12.903500
12.908000
12.882625
12.910125
12.906084
12.897666
12.948333
12.912833
12.898750
12.878209
12.895917
12.872583
12.958250
12.891084
12.868875
12.853042
12.903042
12.881917
12.883125
12.873042
12.872833
12.869500
12.899417
12.858375
12.854959
12.880791
12.898250
12.868959
12.860500
12.868417
13.013833
12.841083
12.963041
12.856416
12.889167
12.908917
12.934875
12.851125
12.850333
12.911917
12.864792
12.864208
12.864500
12.866791
12.850750
12.870084
12.865458
12.905125
12.889208
12.888792
12.863209
12.867125
12.860500
12.927334
12.897792
13.610916
13.011375
12.956417
12.883708
12.860334
12.866500
12.961916
12.909458
12.907208
13.130708
13.174417
13.192916
13.174584
13.231916
13.202834
13.217375
13.155708
13.242334
13.252750
13.240542
13.190541
13.236208
13.190708
13.211500
13.202542
13.229667
13.229166
13.202417
13.215500
13.169416
13.201917
13.278000
13.190250
13.203292
13.171458
13.207125
13.256583
13.212333
13.202084
13.256541
13.239042
13.225958
13.202000
13.193417
13.280542
13.206916
13.242917
13.261583
13.216916
13.199708
13.186041
13.248166
13.204833
13.222500
13.196292
13.187541
13.179833
13.198792
13.224834
13.179208
13.182416
13.174667
13.199333
13.253208
13.173458
13.174667
13.185500
13.223000
13.236250
13.249375
13.239292
13.217500
13.187666
13.200375
13.243666
13.199625
13.231750
13.209625
13.216708
13.206333
13.261417
13.238417
13.212791
13.221583
13.232875
13.239375
13.261708
13.257792
13.257541
13.226792
13.215250
13.157542
13.223209
13.218792
13.261667
13.175583
13.247458
13.244416
13.226500
13.329666
13.213416
13.182625
13.257500
13.339291
13.239000
13.203625
13.185000
13.244084
13.284292
13.218708
13.200542
13.189667
13.256916
13.257458
13.256208
13.169083
13.249375
13.266083
13.275042
13.242625
13.248250
13.247000
13.231125
13.247541
13.277250
13.247166
13.264041
13.258833
13.223875
13.253750
13.203542
13.240917
13.219708
13.211417
13.239584
13.247125
13.234709
13.240583
13.227708
13.293917
13.255209
13.241208
13.240250
13.278417
