28.342083
10.392125
10.151916
10.243083
10.248666
10.232250
10.394416
10.334917
10.166250
10.216917
10.284583
10.370167
10.123083
10.247375
10.203250
10.161542
10.213917
10.247250
10.200166
10.432250
10.211209
10.120166
10.307750
10.232000
10.170458
10.175417
10.179458
10.170584
10.162417
10.192750
10.058417
10.049750
10.165125
10.180000
9.900666
10.091000
10.003125
10.161208
10.174750
10.158083
10.153375
9.996625
10.092541
10.093791
10.113041
10.051125
10.048042
10.167458
10.132792
10.056625
10.194500
10.047750
10.053416
10.064459
9.986500
10.118709
10.021750
10.026166
10.053041
10.085709
10.021917
9.978667
10.003458
9.933917
9.987125
10.177458
9.931083
9.803666
9.794875
9.761750
9.810625
9.753667
9.861958
9.805958
10.077000
9.885875
9.808250
9.785541
9.761917
9.811458
9.769875
9.751041
9.891500
9.788625
9.799458
9.790792
9.753750
9.765542
9.740416
9.758375
9.748166
9.750917
9.740792
9.763167
9.748875
9.770083
9.778958
9.709458
9.740291
9.885583
9.971583
9.779666
9.764792
9.764583
9.845958
9.781875
9.755333
9.775958
9.765208
9.834125
9.760041
9.813834
9.846959
9.827042
9.787792
9.737292
9.894042
9.752417
9.828958
9.790791
9.765875
9.776125
9.746166
9.886416
9.802584
9.788959
9.774667
9.736416
9.861125
9.750209
9.771125
9.807000
9.804667
9.886708
9.841250
9.797209
9.740792
9.765417
9.797000
9.760291
9.866208
9.802625
9.774125
9.803500
9.792667
9.892959
9.793625
9.776709
9.800583
9.773750
9.781459
9.955167
10.088500
9.851459
9.858958
9.831250
9.772958
9.857292
9.763500
9.802583
9.817042
9.735500
9.775708
9.892417
9.796416
9.834916
9.799042
9.960375
9.814834
9.827583
9.813833
9.791708
9.789083
9.759709
9.816625
9.812875
9.789500
9.854250
9.796417
9.781125
9.791500
9.797667
9.782833
9.730542
9.862292
9.785042
9.832041
9.807125
9.789834
9.817416
9.763250
9.794625
9.812875
9.771916
9.769083
9.763500
9.756708
9.761666
9.788500
9.856209
