35.117875
13.521084
13.412125
13.367833
13.323834
13.226875
13.155375
13.130250
13.726458
13.692875
13.128834
13.264000
13.097000
13.198083
13.245542
13.195292
13.191291
13.152416
13.214667
13.273625
13.188167
13.164666
13.185250
13.201750
13.162292
13.126625
13.245375
13.169000
13.187458
13.176542
13.193875
13.179667
13.207333
13.280458
13.194833
13.136875
13.144500
13.194667
13.225708
13.168917
13.175875
13.135917
13.207875
13.190000
13.169208
13.184292
13.213417
13.199584
13.258875
13.208417
13.215750
13.211417
13.201916
13.194250
13.186000
13.126417
13.276708
13.235083
13.244791
13.229417
13.220291
13.206125
13.218250
13.221000
13.199959
13.160375
13.314000
13.228958
13.189542
13.165500
13.188000
13.232125
13.159167
13.249417
13.165833
13.205916
13.466250
13.351417
13.293209
13.227583
13.219125
13.258916
13.327541
13.240750
13.215208
13.223958
13.243375
13.153667
13.200125
13.186708
13.219083
13.254167
13.216625
13.253375
13.192667
13.223291
13.265959
13.243542
13.216917
13.197666
13.265834
13.327959
13.219541
13.253000
13.189375
13.258000
13.273542
13.248333
13.233166
13.209708
13.252167
13.241042
13.220791
13.222666
13.192542
13.254500
13.256834
13.236750
13.204083
13.232459
13.309583
13.290292
13.321750
13.248458
13.240667
13.247959
13.239417
13.248291
13.220625
13.243541
13.256583
13.249125
13.239459
13.240541
13.253250
13.239792
13.274417
13.223458
13.225416
13.270792
13.302125
13.206625
13.239958
13.209292
13.251666
13.247667
13.245083
13.238833
13.204542
13.269917
13.240167
13.217083
13.223250
13.240708
13.255333
13.266875
13.238042
13.222334
13.247292
13.260917
13.219583
13.224334
13.213291
13.252959
13.282417
13.239958
13.216458
13.265459
13.226958
13.281541
13.229833
13.328875
13.255250
13.289791
13.299375
13.196959
13.298416
13.269709
13.326375
13.307750
13.247542
13.233958
13.213041
13.279625
13.321875
13.289875
13.295958
13.178459
13.261917
13.285167
13.229667
13.253667
13.220583
13.270542
13.260625
13.273708
13.264000
13.264208
13.134625
13.190333
13.353417
13.300000
13.224833
13.276541
13.270583
13.420333
13.305333
13.310917
13.277334
13.257000
13.413583
13.394083
13.439125
13.189708
13.335042
13.238625
13.408667
13.483167
13.323584
13.603375
13.151875
13.028584
13.057125
13.021625
13.023125
12.986875
12.985208
12.938792
12.918834
12.912958
12.963583
12.941333
12.942333
12.938542
12.944709
13.000250
12.965959
12.935709
12.987042
12.942250
12.955416
12.962625
12.953042
13.024208
13.072291
13.076417
13.089666
12.955875
12.948209
12.966750
12.938584
12.953000
12.937125
12.936083
12.920625
13.025667
13.718917
13.045750
12.939458
12.944208
12.964459
12.996292
12.960542
12.899250
12.931000
12.946291
12.940125
12.969708
12.925208
12.948084
12.940083
12.958708
12.910625
12.961709
13.213916
12.991208
12.940167
12.929708
12.927416
12.940208
13.003625
12.964708
12.942250
12.926250
12.917750
12.973125
12.922917
12.886084
12.919375
12.911583
12.899041
12.974875
13.058458
13.171416
13.175417
13.111000
13.182125
13.146917
13.164333
13.168458
13.150083
13.200291
13.134291
13.177041
13.150750
13.171584
13.164042
13.179958
13.209334
13.154833
13.249292
13.172458
13.192042
13.150667
13.149333
13.172500
13.207125
13.143084
13.173000
13.162583
13.228125
13.141416
13.154542
13.205125
13.150125
13.149833
13.217083
13.169250
13.152208
13.186292
13.178333
13.228166
13.154333
13.115709
13.209500
13.212500
13.172084
13.186167
13.133208
13.226334
13.176125
13.200834
13.155750
13.127416
13.166875
13.151625
13.160834
13.148125
13.163083
13.160708
13.176417
13.147250
13.226500
13.132917
13.161792
13.110208
13.160458
13.175083
13.160333
13.163125
13.135542
13.151667
13.146708
13.177708
13.176125
13.133750
13.154500
13.143000
13.196792
13.182042
13.201542
13.186959
13.273000
13.173542
13.191375
13.172042
13.149417
13.163000
13.173333
13.178333
13.173500
13.126166
13.195750
13.188416
13.137625
13.165666
13.164292
13.191125
13.182292
13.128500
13.129459
13.195833
13.184958
13.179708
13.169000
13.140958
13.223167
13.225167
13.207334
13.189250
