25.706250
14.237041
13.959917
13.899708
13.889958
13.864167
13.981375
13.896250
13.908584
13.901167
13.855166
13.842792
13.897000
13.874167
13.864000
13.962708
13.850542
13.861166
13.899209
13.866333
13.889834
13.912875
13.867709
13.934708
13.895625
13.862667
13.874417
13.877750
14.053041
13.884209
13.853250
13.866083
13.856084
13.881375
13.845916
13.851917
13.899625
13.872041
13.898292
13.961709
13.855917
13.850000
13.861875
13.871875
13.850584
13.891500
13.900209
13.927125
13.916667
13.890709
13.913208
13.906208
13.884625
13.875458
14.079791
13.970666
13.890167
13.904709
13.906250
13.884625
13.896125
13.896667
13.900125
13.904125
13.985084
13.879500
13.913042
13.910125
13.890750
13.902958
13.894084
13.873334
14.096584
14.089458
14.046291
13.903583
13.926666
13.882083
13.900875
13.892583
13.881500
14.024959
13.935208
13.884416
13.916959
13.900791
13.940000
13.922625
13.962000
13.896333
13.903292
13.913541
13.897125
13.930709
13.901959
13.883333
13.897667
13.918000
13.908625
13.932334
13.917250
13.999125
14.019292
13.966542
13.941125
13.903625
13.893209
13.894125
13.872625
13.887542
13.928958
14.129542
14.005417
13.917750
13.894541
13.956208
13.930000
13.968458
13.968042
13.955042
13.933625
13.945042
13.941542
13.932584
13.928334
13.954917
13.930167
14.020959
13.909750
13.948708
13.954750
13.966750
13.916042
13.939750
13.959708
13.952125
14.018375
13.936708
13.925292
13.951125
13.933708
13.947833
13.942375
13.945708
13.942459
13.919333
13.956750
13.922000
13.941250
13.942250
13.939541
13.972125
13.991500
13.959042
13.958792
13.905875
13.940333
13.912917
13.953583
13.941709
13.944208
14.028500
13.932458
13.893334
13.961125
13.935750
13.940667
13.961084
13.986333
13.935833
13.950250
13.968208
13.945083
13.929375
14.023625
13.910458
13.955584
13.913125
14.044583
13.914209
13.916042
13.908709
13.956458
13.915209
13.906000
13.977416
13.976250
13.918333
13.929459
13.976041
13.951750
13.966917
13.952917
13.954167
13.942167
13.942042
13.983500
13.969541
13.956375
13.940959
