9.384083
8.379958
8.287916
8.297334
8.218667
8.269750
8.219875
8.242000
8.227667
8.231334
8.222667
8.257917
8.253541
8.280250
8.221625
8.259125
8.253750
8.283042
8.245292
8.236875
8.262250
8.205334
8.237083
8.254000
8.252334
8.229042
8.247833
8.231417
8.230750
8.232709
8.319125
8.252125
8.254667
8.245917
8.230083
8.237458
8.236250
8.248541
8.278709
8.242000
8.235375
8.255125
8.260125
8.253583
8.274750
8.251834
8.258250
8.263542
8.271166
8.236167
8.292208
8.240083
8.258958
8.245167
8.246667
8.275833
8.277875
8.251250
8.249083
8.230125
8.273291
8.235833
8.286833
8.274375
8.253541
8.253250
8.293458
8.261500
8.274458
8.274042
8.279208
8.240208
8.311375
8.324875
8.306291
8.268541
8.271541
8.243917
8.302042
8.271833
8.286416
8.316459
8.283500
8.256750
8.273042
8.250583
8.300209
8.271792
8.262750
8.276917
8.304291
8.236625
8.284792
8.255750
8.300500
8.245500
8.296542
8.233667
8.281125
8.277000
8.288667
8.252000
8.225875
8.302166
8.370666
8.323750
8.282709
8.269750
8.286792
8.260041
8.295250
8.259959
8.296833
8.267834
8.296875
8.189833
8.262542
8.230708
8.289834
8.229750
8.314916
8.271083
8.310583
8.237666
8.295959
8.239209
8.284625
8.247291
8.297333
8.243459
8.291375
8.226375
8.233125
8.290125
8.307709
8.315708
8.307792
8.278667
8.320416
8.250750
8.314250
8.269583
8.292167
8.268667
8.299625
8.249125
8.301542
8.274709
8.291459
8.291792
8.303833
8.273500
8.296542
8.276000
8.292541
8.285417
8.296000
8.269542
8.299333
8.284250
8.288542
8.287792
8.319625
8.272083
8.304709
8.309125
8.300500
8.294083
8.292459
8.313584
8.303417
8.325708
8.311875
8.306625
8.309917
8.296084
8.330667
8.286958
8.343583
8.300083
8.329125
8.308209
8.322750
8.346500
8.341000
8.304958
8.335959
8.343291
8.312416
8.349125
8.322875
8.432167
8.479375
8.443500
8.490042
8.461042
8.474959
8.449417
8.494958
8.427125
8.454917
8.519667
8.464375
8.456791
8.508209
8.353208
8.318459
8.283959
8.329875
8.285792
8.327166
8.292708
8.325083
8.255708
8.414083
8.268875
8.312875
8.272250
8.327583
8.286792
8.319375
8.261209
8.326000
8.270542
8.340708
8.298625
8.324833
8.289541
8.344625
8.288459
8.263875
8.285791
8.331875
8.398000
8.327250
8.290959
8.306250
8.276250
8.410209
8.303750
8.336125
8.299458
8.339917
8.316709
8.333166
8.294500
8.361875
8.317000
8.339000
8.318875
8.327500
8.302084
8.350292
8.315250
8.332375
8.381542
8.953792
8.361125
8.365750
8.305834
8.328875
8.281417
8.343458
8.255458
8.354833
8.260250
8.340000
8.292500
8.339834
8.295750
8.336125
8.301292
8.334709
8.327084
8.336959
8.310458
8.346000
8.285667
8.329458
8.310666
8.337916
8.291292
8.361375
8.345000
8.345292
8.307667
8.357625
8.311417
8.336875
8.317042
8.353792
8.316125
8.350083
8.289708
8.354166
8.311333
8.373958
8.310833
8.379334
8.299875
8.385541
8.295125
8.362667
8.295791
8.367833
8.320792
8.375083
8.311209
8.349375
8.314416
8.373792
8.294833
8.366667
8.265708
8.395917
8.302584
8.366209
8.286916
8.373583
8.310417
8.367375
8.290791
8.361500
8.344542
8.371542
8.308000
8.375625
8.306708
8.361167
8.305250
8.357042
8.315333
8.318625
8.343459
8.350917
8.310500
8.371750
8.303834
8.378625
8.337708
8.373209
8.313500
8.363584
8.298709
8.367833
8.287708
8.368666
8.294000
8.351167
8.304792
8.379208
8.329958
8.353042
8.299458
8.378042
8.320958
8.372250
8.303583
8.378208
8.292208
8.348583
8.288000
8.367667
8.324875
8.381083
8.306875
8.375833
8.329792
8.369708
8.322375
8.381500
8.304875
8.375875
8.319833
8.391750
8.298125
8.384667
8.334250
8.399875
8.331500
8.382791
8.338667
8.390541
8.334417
8.403000
8.318375
8.404958
8.350083
8.371042
8.323750
8.371916
8.364667
8.368166
8.333167
8.358959
8.359334
8.376833
8.366084
8.384583
8.368917
