16.365375
14.434500
14.341458
14.083041
14.237375
14.233292
14.134958
14.053125
14.031250
14.108208
14.083709
14.141583
14.024917
14.030000
14.029625
14.026792
14.003333
14.124208
14.131167
14.044209
14.054125
13.944875
13.999708
14.002250
14.034125
13.987042
14.093458
14.063541
13.935917
14.003208
14.001375
13.977709
13.968625
13.951334
14.168584
14.179209
13.952042
14.122208
14.059250
13.984542
13.956000
13.916084
14.047000
13.898750
13.929542
13.920041
14.057334
14.094459
14.031542
13.949875
14.039875
14.121667
14.015000
13.971542
13.920250
13.916791
14.033042
14.282958
14.045792
14.029333
14.111875
13.998292
14.013000
13.994459
14.001125
14.025084
13.943250
13.924875
13.959042
13.994917
14.120667
14.051958
14.003042
13.940500
14.019208
14.129750
14.134542
13.996000
13.988667
13.956792
14.001250
14.068000
14.046416
13.935541
13.981375
13.985208
14.026041
13.993833
14.003167
13.985209
13.990416
14.037000
14.008000
13.975042
14.047084
14.015917
14.082542
14.000333
14.001917
13.926416
13.965625
14.048167
14.028375
13.992291
14.089334
13.994875
13.966916
14.059875
14.090500
14.000834
14.042208
14.060250
14.082750
14.014833
14.034917
14.133292
13.953667
14.057000
14.027917
13.972625
13.989250
13.956333
14.017708
13.952167
14.067792
13.971083
14.052541
14.075333
14.036083
14.023958
14.025458
13.982292
14.024209
13.960125
14.069292
14.087042
14.021417
13.929333
14.059416
13.964750
14.139541
14.047875
13.976000
14.075917
14.078667
14.119500
14.023292
14.021334
13.995750
13.975000
13.961791
14.221792
14.090833
13.995709
13.969375
13.993334
14.030167
13.948750
14.054042
14.059875
14.189875
14.064458
13.968458
13.996000
14.110458
14.026375
13.987625
14.062334
14.050917
14.008000
13.988917
26.905917
15.195000
15.525500
15.224083
15.318042
15.569125
14.124167
14.038625
13.995000
14.030792
14.105042
13.953916
13.996541
13.990875
14.020000
13.995375
14.060334
14.201250
14.090167
14.031417
14.008666
14.031625
13.987500
13.977833
14.026750
14.009292
14.008542
13.995583
13.990834
