18.600000
12.608833
8.402167
8.251959
8.302250
8.259042
8.203125
8.117084
8.122209
8.141334
8.157000
8.112625
8.134958
8.154833
8.113333
8.124166
8.107666
8.122917
8.175834
8.144708
8.148334
8.168750
8.129125
8.171333
8.128750
8.159833
8.131209
8.172792
8.134209
8.196625
8.128625
8.184875
8.128917
8.164209
8.122500
8.172459
8.115041
8.211625
8.126125
8.143000
8.138250
8.148416
8.133875
8.162917
8.132875
8.159417
8.129458
8.178084
8.137250
8.167542
8.137625
8.167125
8.152125
8.166125
8.177917
8.172333
8.146875
8.154000
8.159833
8.135875
8.164250
8.144125
8.158916
8.156208
8.141917
8.139083
8.111917
8.139791
8.186542
8.132708
8.208750
8.174417
8.174458
8.109209
8.188250
8.137167
8.287833
8.109250
8.173708
8.125959
8.180542
8.166917
8.181375
8.148833
8.181167
8.196792
8.167583
8.153875
8.175375
8.244666
8.326750
8.196292
8.190250
8.152125
8.153041
8.165000
8.162833
8.148000
8.179917
8.136625
8.156459
8.149709
8.143667
8.143208
8.215417
8.165041
8.161417
8.147834
8.173833
8.151000
8.180791
8.145500
8.185583
8.118375
8.256250
8.206375
8.292083
8.227333
8.185291
8.187458
8.278667
8.262583
8.378167
8.257792
8.156167
8.187417
8.167959
8.197958
8.150834
8.190917
8.198292
8.217625
8.160500
8.240334
8.172875
8.216791
8.172583
8.247708
8.199459
8.227708
8.178708
8.232959
8.187417
8.195500
8.174125
8.209083
8.165167
8.199708
8.144125
8.206167
8.187750
8.230875
8.180875
8.273667
8.172875
8.232500
8.156041
8.203834
8.159375
8.211917
8.186750
8.221000
8.166542
8.212583
8.207125
8.216250
8.178875
8.215500
8.175875
8.212750
8.183750
8.174667
8.220500
8.193584
8.193917
8.222875
8.220792
8.159375
8.195666
8.216167
8.198792
8.193500
8.195292
8.242292
8.182625
8.186000
8.205625
8.195792
8.222792
8.208250
8.240792
8.172708
8.250667
8.199875
8.257625
8.231167
8.216334
8.205542
8.326292
8.178709
8.230625
8.180000
8.242500
8.203666
8.230459
8.184375
8.211667
8.212292
8.215334
8.179000
8.235250
8.203625
8.199917
8.223000
8.212708
8.165208
8.196791
8.193666
8.202042
8.187417
8.164667
8.161625
8.233167
8.211541
8.222042
8.232667
8.206167
8.193541
8.202334
8.205000
8.242583
8.212458
8.241334
8.199458
8.228166
8.264792
8.200417
8.209083
8.225416
8.248375
8.225292
8.220333
8.221583
8.212541
8.241625
8.200334
8.227666
8.210584
8.218834
8.248667
8.227208
8.256541
8.230208
8.229792
8.235042
8.211416
8.963166
8.253208
8.245500
8.229750
8.220750
8.226916
8.224708
8.242625
8.220959
8.226000
8.204625
8.252042
8.210417
8.244708
8.195500
8.263209
8.183583
8.272750
8.208458
8.236458
8.301875
8.272208
8.223250
8.283292
8.220375
8.282458
8.236875
8.250333
8.201375
8.264584
8.213583
8.243167
8.215208
8.221083
8.234792
8.216667
8.257458
8.257709
8.250250
8.261042
8.212833
8.347292
8.227000
8.327375
8.207833
8.241125
8.233334
8.272833
8.243625
8.263458
8.202084
8.283750
8.213875
8.260833
8.229459
8.248958
8.228250
8.266167
8.246417
8.261958
8.218292
8.259416
8.253500
8.250500
8.252542
8.262625
8.200083
8.281167
8.249916
8.260708
8.238541
8.279750
8.237667
8.242667
8.230125
8.263833
8.241375
8.212000
8.264375
8.244208
8.278875
8.275084
8.256959
8.235708
8.250958
8.253625
8.251500
8.225250
8.236750
8.270167
8.249167
8.246417
8.239000
8.210250
8.247625
8.239750
8.254958
8.247917
8.253042
8.271583
8.238458
8.233500
8.250500
8.271458
8.288209
8.282833
8.333291
8.244208
8.315666
8.298667
8.294167
8.240958
8.271750
8.265708
8.293542
8.242000
8.304500
8.241167
8.311459
8.273750
8.332625
8.272083
8.324750
8.253125
8.310125
8.241625
8.312625
8.280083
8.335083
8.247875
8.331666
8.307875
8.310667
8.314625
8.285084
8.362875
8.308750
8.210750
8.312333
8.289500
8.416875
8.226375
8.311625
8.284083
