12.961958
10.209000
10.363083
10.121709
10.207875
10.025209
10.088750
9.957750
9.921875
10.019042
9.893916
9.947625
9.968291
9.941541
9.938833
9.888458
9.895500
9.939208
9.845833
9.880625
9.912542
9.915958
9.887959
9.877666
9.903583
9.876750
9.876958
9.883084
9.891833
9.972834
9.881834
9.980000
9.909083
9.861666
9.942125
9.895166
9.912583
9.915208
9.907333
9.960542
9.924542
9.867875
9.824833
9.875459
9.928375
9.888208
9.911958
9.882333
9.906375
9.997792
9.851083
9.899250
9.965042
9.904833
9.979375
9.846792
10.026250
9.880458
10.049792
9.972792
9.886333
9.876542
9.889500
9.908959
9.856708
9.851250
9.859791
9.862333
9.878125
9.939125
9.914459
9.932833
9.863458
9.878666
9.875750
9.891875
9.856291
9.824708
9.901458
10.067500
9.946375
9.895917
9.867458
9.885792
9.999916
9.915833
10.005167
9.846916
9.863750
9.964625
9.857000
9.999417
9.864834
9.899333
9.983375
9.867208
9.863042
9.875583
9.876750
9.894625
9.907125
9.917917
9.915125
9.971708
9.852000
9.912625
9.966916
9.889417
9.985875
10.225042
9.937666
10.056250
9.967583
9.934958
9.874042
9.902167
9.927917
9.862333
9.981125
9.848000
9.881875
9.880667
9.932416
9.891542
10.004458
9.908167
9.876583
9.933125
9.874125
9.877500
9.931833
9.902333
9.875334
9.884500
9.869334
9.954125
9.942500
9.893709
9.928667
9.885375
9.908416
9.946917
9.868750
9.956334
9.928459
9.881750
10.045750
9.841125
9.877042
9.860917
9.886458
9.892833
9.880042
9.923375
9.861292
9.891500
9.896875
9.924416
9.874542
9.917959
9.912166
9.894000
10.060916
9.870333
9.945667
9.911875
9.886917
9.883334
9.929416
9.913541
9.906250
9.927166
9.854542
9.899791
9.874667
9.884083
9.916500
9.864583
9.903667
9.988958
9.874542
9.875083
9.911333
9.908792
9.906125
9.967875
9.951167
9.922125
9.978375
9.927333
9.915875
9.966667
9.966750
9.929708
10.015958
9.931125
9.910292
9.905834
9.880917
9.945250
