9.353875
8.375500
8.262375
8.277875
8.267666
8.281166
8.256750
8.267916
8.200208
8.176000
8.271250
8.271500
8.275959
8.268208
8.256958
8.228833
8.207125
8.171084
8.291250
8.215500
8.232208
8.226208
8.215417
8.186375
8.175542
8.212375
8.218417
8.248709
8.234667
8.307209
8.294750
8.282000
8.267875
8.267166
8.301375
8.184042
8.154667
8.203334
8.187541
8.218666
8.147291
8.161125
8.154375
8.186250
8.152541
8.187625
8.146208
8.178250
8.185667
8.169667
8.225750
8.164208
8.060500
8.201250
8.102709
8.092459
8.064166
8.096917
8.057834
8.085459
8.128833
8.106417
8.080458
8.059333
8.054250
8.073041
8.065041
8.035541
8.057750
8.075000
8.048709
8.176583
8.128708
8.041209
8.060042
8.034458
8.091083
8.094042
8.094875
8.056125
8.069041
8.047417
8.037375
8.025625
8.064917
8.039708
8.062250
8.038000
8.034875
8.009958
8.036084
8.027459
8.018875
8.037792
8.026250
8.057083
8.016084
8.020458
8.021000
8.026375
8.030708
8.021291
8.079458
8.174041
8.230209
8.070333
8.027792
8.029958
8.041209
8.014916
8.076166
8.045083
8.069875
8.099542
8.084875
8.156375
8.118042
8.058167
8.051709
8.080625
8.033916
8.059208
8.037834
8.073750
8.039250
8.047250
8.042875
8.060125
8.046250
8.040833
8.066584
8.064417
8.055792
8.067375
8.144083
8.259042
8.185750
8.032000
8.187209
7.995292
8.039666
8.017250
8.084209
8.049667
8.060917
8.013042
8.058208
8.043334
8.060666
8.041500
8.092167
8.070625
8.073000
8.072167
8.062125
8.042000
8.074500
8.036167
8.065625
8.101417
8.051542
8.054250
8.060458
8.057666
8.056291
8.096625
8.062000
8.095666
8.052833
8.071583
8.050000
8.223959
8.048708
8.081334
8.059958
8.128875
8.158666
8.207333
8.159291
8.183667
8.172875
8.197208
8.177500
8.203875
8.194167
8.174916
8.182625
8.208958
8.190875
8.266292
8.139542
8.182500
8.177959
8.207709
8.190875
8.162333
8.199584
8.193083
8.200375
8.193750
8.187083
8.208583
8.195125
8.156167
8.202667
8.157083
8.173875
8.189583
8.200834
8.197834
8.171542
8.190667
8.178833
8.243750
8.182333
8.179000
8.174625
8.198167
8.189292
8.184417
8.184750
8.189625
8.295417
8.176375
8.188791
8.198792
8.215708
8.226167
8.218458
8.198834
8.199000
8.161250
8.194000
8.202291
8.217583
8.184000
8.204875
8.190292
8.250333
8.192833
8.218291
8.221584
8.245708
8.204833
8.215292
8.202042
8.267000
8.206375
8.211417
8.201875
8.246625
8.216250
8.280083
8.221375
8.249875
8.191042
8.945583
8.302417
8.246291
8.212958
8.229125
8.217000
8.255542
8.194708
8.209000
8.210916
8.252125
8.240292
8.254334
8.215542
8.190958
8.190958
8.220792
8.221833
8.217917
8.257500
8.195084
8.199917
8.202166
8.221500
8.221500
8.220750
8.200208
8.219416
8.172917
8.222958
8.205541
8.219375
8.195792
8.250458
8.202875
8.254666
8.228750
8.260584
8.198875
8.256250
8.203333
8.281625
8.198416
8.257666
8.254208
8.243250
8.238125
8.316416
8.210209
8.253125
8.202583
8.231917
8.214125
8.274208
8.239042
8.274291
8.241791
8.282583
8.213875
8.274417
8.209166
8.262167
8.192791
8.239375
8.215333
8.261542
8.223500
8.232834
8.261542
8.247083
8.240625
8.240250
8.214250
8.268542
8.239125
8.239667
8.186208
8.245792
8.232083
8.223417
8.241792
8.205625
8.239917
8.221917
8.213250
8.241459
8.250916
8.233750
8.235292
8.236042
8.243125
8.240833
8.253291
8.229916
8.241959
8.247000
8.217541
8.245000
8.210042
8.248333
8.236375
8.252291
8.235625
8.271417
8.254625
8.232708
8.276167
8.251084
8.252875
8.269167
8.241750
8.209542
8.263417
8.246542
8.252750
8.240833
8.234333
8.296084
8.225292
8.263541
8.299250
8.242917
8.275250
8.309083
8.262875
8.265166
8.247125
8.219000
8.269959
8.223084
8.265083
8.248709
8.270000
8.269250
8.414084
8.337333
8.247417
8.230583
8.302875
8.287542
8.372458
8.353292
8.370000
8.433250
