9.507583
8.340375
8.294083
8.247667
8.216709
8.288333
8.258875
8.257208
8.229125
8.238167
8.276625
8.246542
8.220292
8.234708
8.242083
8.233875
8.263792
8.244875
8.227334
8.246458
8.240166
8.237583
8.262042
8.264167
8.238500
8.251666
8.259375
8.256333
8.249500
8.238584
8.246875
8.245291
8.235791
8.245583
8.212916
8.252291
8.267375
8.227708
8.265083
8.255250
8.252125
8.247917
8.272917
8.258334
8.261542
8.264458
8.258666
8.246708
8.254875
8.222917
8.249958
8.264375
8.267875
8.243375
8.250917
8.250708
8.223542
8.262625
8.246625
8.261208
8.240417
8.265083
8.239500
8.278875
8.225500
8.263125
8.230292
8.264583
8.235375
8.288917
8.248250
8.270000
8.299709
8.246791
8.238375
8.265250
8.214666
8.253833
8.242750
8.230083
8.246791
8.280750
8.277000
8.282500
8.260166
8.259500
8.264042
8.248333
8.277750
8.330959
8.301292
8.273208
8.279791
8.289708
8.275000
8.275833
8.273625
8.252292
8.265959
8.260333
8.255500
8.280000
8.367667
8.251959
8.317708
8.287584
8.288125
8.311959
8.264291
8.290458
8.289250
8.300583
8.270500
8.287833
8.299375
8.340708
8.291209
8.267792
8.287666
8.344417
8.356541
8.321375
8.253958
8.261667
8.274125
8.285459
8.295041
8.264333
8.298917
8.268500
8.313500
8.293167
8.275417
8.284417
8.303834
8.289375
8.284500
8.306542
8.299792
8.274375
8.279459
8.273166
8.307916
8.282333
8.300125
8.311792
8.315708
8.251500
8.335042
8.344000
8.290541
8.276375
8.285709
8.247458
8.301417
8.304417
8.286292
8.274125
8.304250
8.287541
8.301292
8.257000
8.324125
8.298375
8.310250
8.278417
8.304625
8.272042
8.303500
8.311584
8.298584
8.278416
8.297084
8.268250
8.248792
8.236291
8.297250
8.298708
8.308166
8.276959
8.308584
8.286792
8.321459
8.307875
8.303834
8.289000
8.322333
8.270875
8.310500
8.300291
8.302500
8.294334
8.299250
8.277833
8.351416
8.305125
8.312333
8.292541
8.309375
8.308958
8.323750
8.309167
8.348375
8.304875
8.332042
8.323500
8.310167
8.305166
8.303375
8.308583
8.362375
8.291166
8.323042
8.322000
8.345459
8.307792
8.336375
8.336583
8.336333
8.309292
8.310792
8.311250
8.328500
8.305167
8.318875
8.319250
8.320083
8.307375
8.333167
8.349333
8.346666
8.351209
8.335541
8.302750
8.354958
8.306334
8.352000
8.334917
8.342458
8.348458
8.334791
8.314167
8.333791
8.340458
8.330417
8.319833
8.346000
8.331208
8.335833
8.317958
8.334292
8.300833
8.337875
8.334667
8.344750
8.335167
8.935292
8.350875
8.367167
8.289750
8.337417
8.304292
8.348083
8.298458
8.343042
8.321000
8.352084
8.293958
8.325167
8.302916
8.356834
8.316250
8.310750
8.314458
8.347625
8.298875
8.353208
8.323250
8.342750
8.326333
8.310375
8.318709
8.362375
8.289458
8.323708
8.352542
8.343542
8.297166
8.338958
8.310334
8.333916
8.299167
8.364917
8.312292
8.349916
8.304667
8.335875
8.323709
8.324792
8.300542
8.380958
8.313291
8.342500
8.318500
8.369459
8.335166
8.352208
8.318459
8.343209
8.293500
8.302458
8.354458
8.338292
8.298459
8.285334
8.344292
8.297208
8.381750
8.384375
8.333208
8.294000
8.321792
8.276958
8.342666
8.352667
8.315834
8.421958
8.364292
8.345416
8.323000
8.360917
8.262750
8.327083
8.360792
8.410708
8.396000
8.459084
8.440792
8.759167
8.569667
8.957917
8.243042
8.224209
8.218084
8.269959
8.246583
8.251791
8.188750
8.152708
8.154375
8.131250
8.127166
8.105125
8.131208
8.146250
8.149583
8.139458
8.150291
8.131209
8.148750
8.153375
8.214750
8.154208
8.158000
8.145042
8.156375
8.147416
8.296208
8.169708
8.157167
8.149583
8.139834
8.133333
8.134584
8.137542
8.108041
8.146417
8.123000
8.158375
8.191584
8.206000
8.166333
8.200083
8.137583
8.146625
8.118750
8.152041
8.111541
8.152167
8.123833
8.173583
8.121833
8.141917
8.142792
8.124791
8.113416
8.166583
8.122167
8.149042
8.137000
