14.404458
13.251417
13.137291
13.103167
13.076125
13.127250
13.071667
13.122084
13.120500
13.123291
13.102959
13.067084
13.107667
13.114916
13.062875
13.098417
13.130666
13.146750
13.164042
13.131125
13.146667
13.151583
13.149000
13.155042
13.133125
13.135958
13.164500
13.174334
13.135000
13.146042
13.140375
13.176084
13.134792
13.150375
13.162375
13.169083
13.141042
13.161542
13.155208
13.177250
13.131750
13.128000
13.137750
13.146375
13.151167
13.105209
13.191208
13.159875
13.129500
13.142500
13.158458
13.171959
13.116250
13.169708
13.228708
13.197709
13.172083
13.190250
13.147083
13.077333
13.158834
13.107541
13.144625
13.153459
13.068541
13.130708
13.095959
13.233334
13.216042
13.127209
13.036625
13.241584
13.164416
13.185209
13.276250
13.134375
13.135334
13.178333
13.017500
13.102750
13.045958
13.082417
13.082000
13.012333
13.088792
13.122875
13.071583
13.076000
13.096333
13.126667
13.078958
13.115667
13.098125
13.139334
13.118500
13.101333
13.018125
13.100500
13.108875
13.090333
13.122541
13.091709
13.158208
13.123792
13.072625
13.094417
13.073708
13.069500
13.064000
13.126042
13.139208
13.113625
13.056750
13.071333
13.092709
13.153125
13.089875
13.078625
13.120375
13.118834
13.048292
13.206083
13.181333
13.139500
13.148750
13.090750
13.138666
13.114417
13.131292
13.123416
13.152667
13.142500
13.123709
13.075292
13.136958
13.087792
13.099083
13.007458
12.990917
13.148792
13.142708
13.135959
13.133167
13.096458
12.874042
12.879084
13.057667
13.055625
13.113333
13.157250
13.118125
13.067000
13.082208
13.109125
12.992166
13.088750
13.157334
13.070250
13.113916
13.115541
13.119917
13.094875
13.131250
13.121042
13.079500
13.015625
13.143791
12.892333
13.109208
13.070750
13.117500
13.085000
13.140167
13.186959
13.182458
13.069250
13.077083
12.882291
12.860500
13.025916
13.118209
13.143958
13.161042
13.100667
13.151333
13.077958
13.140458
13.119750
13.118750
13.124167
13.134917
13.114666
13.209500
13.150916
13.182458
13.109709
12.941042
12.938917
12.994625
13.130792
13.161500
12.979250
13.118334
13.097833
12.942250
13.016333
13.014042
13.185417
12.999916
13.088834
12.999833
13.166250
13.311625
13.196625
12.924083
13.084792
13.109459
13.129084
13.168083
13.220458
13.177958
13.130500
13.121333
13.191875
13.131375
13.138708
13.161000
13.039125
13.191417
13.147917
13.174916
13.098292
13.100000
13.177542
13.137250
13.438042
13.653167
13.403542
13.211417
13.134041
13.170166
13.193458
13.122708
13.152167
13.201958
13.114792
13.184542
13.186500
13.206459
13.146375
13.024041
12.891250
12.964875
13.201583
13.250959
13.151250
13.899584
13.204666
13.122750
13.253042
13.149041
13.146417
13.053292
12.983625
12.988375
12.920750
12.904250
13.114166
13.206542
13.163542
13.152250
13.213333
13.215917
13.189875
13.145083
13.138958
13.192292
13.077375
13.071500
13.099875
13.161667
13.168833
13.141167
13.130000
13.133042
13.194500
13.167875
13.187542
13.168500
13.024583
13.213875
13.191166
13.211583
13.156750
13.162208
13.146625
13.088250
13.324458
13.164417
13.275208
13.216917
13.184833
13.173875
13.212417
13.204458
13.194791
13.136792
12.918417
12.917958
13.202875
13.159084
13.179667
13.159833
13.003916
13.188750
13.205500
13.152542
13.146583
13.169583
13.224625
13.168541
13.126708
13.138791
13.231458
13.204167
13.223958
13.157417
13.121708
13.176250
13.238375
13.258042
13.185459
13.169375
13.179000
12.929416
13.012583
13.205041
13.240542
13.222042
13.226042
13.130250
13.180708
13.243500
13.059875
12.985667
13.170083
13.192375
13.169208
13.163583
13.194583
13.219958
13.194125
13.187750
13.218625
13.198584
13.184917
13.207792
13.239167
13.231167
13.216625
13.200541
13.034250
13.216292
13.201750
12.972750
13.126333
13.209166
13.049958
12.973833
13.116084
13.201625
13.323625
13.254125
13.212791
13.217750
13.190584
13.332792
13.216625
13.116125
13.056958
13.061000
12.933459
13.157042
13.193041
13.012834
13.043666
13.097792
13.191125
13.079166
13.089542
13.233375
13.150708
13.193042
13.168667
13.199291
13.119708
13.152750
13.132667
13.101375
13.063917
