9.473916
8.340416
8.305667
8.239667
8.193792
8.203541
8.247125
8.242417
8.275458
8.493167
8.906459
8.964125
9.251167
8.542000
8.720083
8.899125
8.362917
8.328500
8.293208
8.260667
8.136042
8.142209
8.102291
8.134708
8.117417
8.099416
8.074625
8.078125
8.035958
8.076042
8.099166
8.088042
8.052708
8.044792
8.045750
8.050042
8.062875
8.052459
8.033167
8.009125
8.074500
8.023833
8.063417
8.000750
8.055584
8.031458
8.062084
8.032125
8.051250
8.016500
8.034292
8.060291
8.078667
8.040709
8.048000
8.023666
8.041375
8.027875
8.039041
8.039666
8.093333
8.030792
8.072750
8.123708
8.057208
8.005959
8.017250
8.015833
8.029917
8.035125
8.019833
8.054166
8.032417
8.060000
8.047875
8.041250
8.033750
8.048041
8.000500
8.107250
8.173708
8.158667
8.016000
8.101834
8.161042
8.106666
8.036792
8.074375
8.020625
8.056792
8.063541
8.050291
8.054666
8.065792
8.017500
8.032208
8.038459
8.019542
8.035875
8.024875
8.048125
8.017709
8.048041
8.037459
8.060375
8.034958
8.057750
8.047709
8.158708
8.027916
8.056291
8.019000
8.051000
8.028542
8.073875
8.132042
8.320125
8.155917
8.027250
8.022000
8.017292
8.028458
8.009750
8.012250
8.011584
7.998959
8.014958
8.022541
8.059167
8.010500
8.063000
8.066459
8.006333
8.089208
8.106709
8.148291
8.136917
8.140458
8.134167
8.192208
8.156542
8.190458
8.156375
8.157458
8.158291
8.222167
8.255917
8.207250
8.162500
8.160250
8.161041
8.176834
8.152042
8.133166
8.159917
8.135792
8.135333
8.179042
8.211041
8.171708
8.179709
8.190875
8.181250
8.228875
8.191500
8.200625
8.184375
8.188250
8.183000
8.163666
8.197500
8.173375
8.192417
8.184709
8.183000
8.168875
8.181500
8.193833
8.205167
8.205458
8.199834
8.166000
8.263667
8.163542
8.249041
8.149584
8.214625
8.168166
8.199334
8.174709
8.202916
8.157500
8.238708
8.219125
8.210625
8.172209
8.190167
8.179625
8.218500
8.203792
8.193083
8.167250
8.203125
8.224916
8.207833
8.201542
8.172375
8.145375
8.215292
8.169500
8.207458
8.175250
8.199125
8.212584
8.178375
8.189917
8.249709
8.167250
8.186333
8.222708
8.198833
8.211542
8.200958
8.186250
8.202417
8.231333
8.188000
8.169666
8.212625
8.220917
8.179291
8.172542
8.194500
8.212875
8.203625
8.219542
8.189167
8.223750
8.229541
8.228583
8.169750
8.200958
8.211167
8.181875
8.195042
8.193334
8.200375
8.200042
8.189958
8.214375
8.198709
8.179500
8.187208
8.194750
8.190167
8.171750
8.920708
8.310459
8.218542
8.203833
8.182083
8.220375
8.187417
8.214917
8.161250
8.206625
8.202916
8.203666
8.186500
8.253125
8.188833
8.233208
8.207083
8.186208
8.204375
8.226750
8.193541
8.236792
8.250041
8.209292
8.172166
8.216125
8.244583
8.217833
8.193625
8.206792
8.222291
8.245458
8.228916
8.232542
8.222125
8.241750
8.214292
8.215875
8.218000
8.265167
8.211458
8.273875
8.188916
8.247250
8.196458
8.209917
8.216958
8.223541
8.221500
8.217042
8.224833
8.248042
8.232750
8.217459
8.231083
8.194875
8.236625
8.214834
8.263375
8.224208
8.248666
8.222625
8.262916
8.212042
8.271875
8.231583
8.247041
8.241958
8.249583
8.226375
8.255167
8.175375
8.220125
8.239417
8.264750
8.204667
8.242542
8.208375
8.259541
8.198250
8.267875
8.209625
8.270291
8.227750
8.211875
8.212917
8.266959
8.237458
8.237125
8.218125
8.239541
8.229541
8.246833
8.220541
8.275917
8.253750
8.252541
8.243583
8.270500
8.241625
8.266250
8.275875
8.237000
8.215500
8.248541
8.250250
8.214834
8.229750
8.253750
8.234084
8.236167
8.243708
8.253042
8.224125
8.250000
8.239292
8.233625
8.252541
8.233625
8.222375
8.246792
8.241000
8.258750
8.244417
8.232500
8.220917
8.261917
8.195917
8.230333
8.236542
8.248334
8.273458
8.227208
8.249584
8.275250
8.266458
8.264250
8.268917
8.264958
8.276916
8.254667
8.255833
8.268208
8.266791
