33.204750
8.842125
8.687833
8.706875
8.693292
8.775541
8.682625
8.704166
8.731333
8.673791
8.920042
8.960834
8.744916
8.717833
8.710666
8.690417
8.701375
8.695042
8.749709
8.748041
8.704666
8.632125
8.690542
8.683583
8.693000
8.672125
8.688708
8.662167
8.727375
8.695083
8.714291
8.686375
8.711916
8.709000
8.698209
8.744209
8.698000
8.658166
8.694167
8.672417
8.661958
8.729625
8.706250
8.742625
8.705375
8.770000
8.773333
8.734959
8.758167
8.768959
8.734875
8.745500
8.741417
8.756083
8.703750
8.769583
8.744334
8.753500
8.770542
8.740125
8.768292
8.715959
8.753041
8.737708
8.743959
8.749250
8.745334
8.747375
8.727750
8.736000
8.752334
8.731916
8.665833
8.735250
8.750292
8.741584
8.713583
8.720250
8.724208
8.744750
8.714875
8.758166
8.734417
8.695625
8.760708
8.824084
8.728708
8.755375
8.723750
8.739167
8.737875
8.738833
8.713875
8.737167
8.717916
8.742000
8.743250
8.724500
8.845291
8.793292
8.787625
8.733500
8.756916
8.711917
8.778708
8.750041
8.743667
8.755708
8.767333
8.766958
8.752459
8.792583
8.692333
8.776042
8.899166
8.809709
8.763209
8.848875
8.766625
8.759083
8.729000
8.741625
8.693792
8.767958
8.739625
8.777209
8.769583
8.787000
8.766833
8.760750
8.747417
8.778334
8.770083
8.777042
8.759625
8.768833
8.741208
8.775917
8.782708
8.714334
8.731334
8.730542
8.773459
8.743209
8.781708
8.757084
8.764416
8.779875
8.765375
8.751541
8.782125
8.749958
8.762167
8.779416
8.774333
8.767167
8.764250
8.781250
8.745958
8.786416
8.736042
8.787250
8.758750
8.775792
8.768709
8.777541
8.799000
8.775500
8.779000
8.777459
8.801583
8.783667
8.787209
8.810459
8.787750
8.780916
8.766750
8.774875
8.787084
8.781042
8.783042
8.786958
8.787125
8.785000
8.794083
8.783041
8.805625
8.795750
8.811166
8.815709
8.793375
8.783375
8.893292
8.827542
8.786792
8.816792
8.810958
8.801000
8.786875
8.821209
8.766416
8.833666
8.818416
8.818250
8.799208
8.793833
8.802541
8.798458
8.818250
8.798458
8.799667
8.820667
8.787625
8.724250
8.810166
8.779459
8.812291
8.894084
8.827416
8.807709
8.799875
8.911667
8.818083
8.815916
8.818125
8.782667
8.800083
8.816584
8.793167
8.823917
8.784667
8.834209
8.743583
8.810166
8.793667
8.793292
8.780084
8.815708
8.789166
8.842834
8.793500
8.845167
8.800667
8.803875
8.824708
8.784250
8.822041
8.796125
8.814667
8.774000
8.818667
8.782666
8.804792
8.791041
8.823209
8.816583
9.522833
8.898209
8.824584
8.822375
8.816917
8.931083
8.841291
8.831917
8.812625
8.813792
8.796792
8.825417
8.796292
8.821167
8.823000
8.830250
8.839417
8.818750
8.809750
8.822375
8.827750
8.815542
8.827708
8.817667
8.809667
8.802583
8.808292
8.786625
8.809583
8.817084
8.844166
8.825041
8.824500
8.828833
8.826125
8.814958
8.819834
8.839250
8.819958
8.875542
8.802916
8.797750
8.823667
8.841042
8.807500
8.838584
8.809833
8.826250
8.823792
8.824584
8.805209
8.862459
8.845625
8.853750
8.839917
8.921459
8.853375
8.809542
8.849583
8.791709
8.832708
8.799625
8.832167
8.798792
8.836375
8.853625
8.822541
8.819750
8.823458
8.819541
8.847208
8.861833
8.807125
8.851792
8.816500
8.836041
8.808917
8.846958
8.827334
8.837833
8.828792
8.820209
8.827625
8.826958
8.839583
8.820708
8.812500
8.852709
8.826500
8.820625
8.869209
8.805042
8.838333
8.765375
8.827250
8.825750
8.852875
8.810417
8.847750
8.851666
8.846625
8.831459
8.845625
8.837917
8.859333
8.847792
8.812542
8.811709
8.825375
8.872833
8.808709
8.851084
8.864125
8.832333
8.822167
8.841625
8.939500
8.855833
8.841000
8.868042
8.835166
8.931375
8.868084
8.856875
8.875584
8.817083
8.834334
8.796458
8.867083
8.845083
8.860708
8.843833
8.854459
8.900750
8.841750
8.828500
8.855083
8.877209
8.849875
8.866792
8.859417
8.893750
8.850458
8.855750
