9.331667
8.228500
8.217667
8.139625
8.180625
8.155167
8.143291
8.134292
8.139916
8.159416
8.135958
8.164583
8.128084
8.132417
8.229542
8.124250
8.147917
8.182917
8.151667
8.107792
8.129166
8.130208
8.099042
8.143334
8.107125
8.120417
8.120750
8.151792
8.112500
8.141000
8.117750
8.109125
8.155292
8.158084
8.114791
8.135334
8.124250
8.108500
8.121125
8.145583
8.143084
8.160000
8.116292
8.143875
8.160167
8.173041
8.136833
8.166417
8.142375
8.128209
8.154917
8.160291
8.170334
8.158875
8.187375
8.150625
8.179666
8.116458
8.196917
8.142125
8.254458
8.111166
8.162333
8.144667
8.198459
8.145042
8.177000
8.145250
8.202458
8.127041
8.174916
8.141666
8.157375
8.147625
8.191084
8.141292
8.156625
8.147875
8.219959
8.261292
8.207667
8.142417
8.162042
8.168292
8.163833
8.165375
8.151292
8.130708
8.162208
8.180416
8.175166
8.154458
8.175834
8.142208
8.156083
8.185750
8.144208
8.165208
8.163625
8.192625
8.186167
8.203959
8.158458
8.196333
8.178291
8.219541
8.132667
8.230875
8.161125
8.252250
8.324667
8.284584
8.243167
8.186125
8.159209
8.194333
8.188500
8.197167
8.160167
8.228000
8.191167
8.240167
8.163625
8.201750
8.184375
8.225291
8.167833
8.209083
8.162500
8.214000
8.144709
8.186083
8.161084
8.202125
8.156333
8.171584
8.161875
8.177834
8.155458
8.161416
8.251250
8.334750
8.181916
8.205417
8.160542
8.183250
8.185125
8.173792
8.176292
8.176666
8.200458
8.190417
8.168875
8.167875
8.145833
8.150667
8.163750
8.171667
8.181250
8.209250
8.195625
8.189791
8.207083
8.217833
8.214250
8.188541
8.236916
8.181041
8.217167
8.164083
8.330333
8.208458
8.233458
8.179959
8.222333
8.180417
8.223208
8.204083
8.229292
8.199958
8.239625
8.216250
8.221917
8.178292
8.207500
8.177041
8.236500
8.180042
8.198458
8.178458
8.222291
8.145958
8.245542
8.206291
8.220708
8.180208
8.239208
8.173500
8.206792
8.185709
8.247416
8.223042
8.205250
8.207167
8.209041
8.198458
8.218000
8.205167
8.288292
8.214875
8.220791
8.185666
8.212125
8.184292
8.184458
8.228833
8.210292
8.186750
8.250834
8.228625
8.203083
8.213500
8.223666
8.218833
8.193208
8.224167
8.218042
8.240083
8.255667
8.254833
8.235292
8.252250
8.232458
8.238792
8.209500
8.220917
8.207417
8.244750
8.215375
8.250834
8.220625
8.248792
8.274459
8.396833
8.233417
8.267541
8.336000
8.239875
8.195583
8.316792
8.250958
8.275917
8.221042
8.253125
8.198708
8.242042
8.964500
8.355709
8.230333
8.252584
8.210791
8.245667
8.213500
8.189917
8.193250
8.250000
8.229083
8.250084
8.197916
8.227500
8.212750
8.230000
8.210333
8.214708
8.233875
8.231833
8.177917
8.197041
8.219625
8.227708
8.196292
8.224209
8.241792
8.267667
8.224958
8.269208
8.219500
8.233959
8.215958
8.243583
8.219083
8.271458
8.236791
8.258500
8.236458
8.234250
8.235958
8.267833
8.262916
8.239791
8.222917
8.220125
8.261959
8.233667
8.234375
8.252500
8.245708
8.260500
8.219541
8.208583
8.227291
8.257834
8.254667
8.237250
8.242125
8.273291
8.259125
8.219417
8.258167
8.237375
8.238083
8.238250
8.241833
8.243625
8.236542
8.252000
8.232959
8.243958
8.286000
8.281667
8.263583
8.195166
8.284209
8.261250
8.299917
8.268000
8.290667
8.272542
8.274416
8.261500
8.281541
8.276208
8.261000
8.212416
8.280666
8.247750
8.361958
8.284334
8.350500
8.247000
8.294958
8.332875
8.267750
8.235958
8.310291
8.236042
8.320666
8.283000
8.310875
8.238542
8.264166
8.262125
8.301375
8.248250
8.302125
8.252917
8.294084
8.255917
8.279167
8.243083
8.315250
8.244917
8.280958
8.252167
8.321041
8.250958
8.263208
8.261125
8.254292
8.272167
8.227375
8.268000
8.245333
8.259542
8.351000
8.228458
8.312875
8.211958
8.244417
8.262167
8.278333
8.229875
8.267916
8.230167
8.255042
8.245583
8.258792
8.255625
8.323959
8.299750
