10.078375
8.846916
8.769958
8.756375
8.772917
8.756583
8.758958
8.749667
8.734542
8.726291
8.762000
8.860458
8.740000
8.744416
8.729750
8.760333
8.728917
8.735500
8.753584
8.766250
8.774792
8.737459
8.745958
8.732791
8.744333
8.748750
8.727708
8.761292
8.730041
8.747250
8.769875
8.704041
8.753500
8.731625
8.762875
8.743666
8.764000
8.756541
8.777375
8.748750
8.756042
8.720500
8.761375
8.751000
8.759291
8.777250
8.759541
8.775084
8.778125
8.774458
8.839416
8.761709
8.747125
8.751333
8.728875
8.752708
8.743042
8.764917
8.755375
8.761250
8.739542
8.778750
8.781792
8.748542
8.768458
8.755458
8.763000
8.765625
8.758917
8.765250
8.863125
8.777334
8.764750
8.700083
8.769875
8.727584
8.761083
8.797917
8.791125
8.762041
8.770209
8.751416
8.749333
8.761542
8.772583
8.752333
8.720000
8.742792
8.784583
8.788667
8.738709
8.770959
8.756958
8.770250
8.724625
8.790667
8.728708
8.803417
8.765709
8.761666
8.765042
8.762792
8.769500
8.760583
8.760291
8.756667
8.801625
8.879792
8.837666
8.758917
8.785042
8.732833
8.756416
8.741833
8.779292
8.748917
8.771625
8.773333
8.763792
8.763791
8.762833
8.780916
8.742500
8.751500
8.764541
8.778291
8.737167
8.689125
8.680584
8.730917
8.777791
8.677416
8.711708
8.742791
8.810834
8.767084
8.769708
8.744834
8.723583
8.695125
8.709875
8.717416
8.694166
8.767750
8.819166
8.742458
8.729417
8.742125
8.693292
8.637417
8.742458
8.801334
8.846500
8.867250
8.886208
8.919458
8.838875
8.674000
8.606375
8.642958
8.630333
8.627416
8.675667
8.612916
8.573584
8.609500
8.550584
8.576375
8.561250
8.581458
8.548625
8.592709
8.561500
8.574875
8.548833
8.549917
8.550459
8.542916
8.578917
8.535125
8.556041
8.558584
8.614792
8.587125
8.555916
8.541458
8.536792
8.541375
8.575750
8.559250
8.566542
8.532084
8.560292
8.531458
8.557667
8.520667
8.633584
8.535625
8.563083
8.532000
8.551333
8.539416
8.554875
8.528541
8.566958
8.537666
8.574125
8.564083
8.579542
8.543500
8.568958
8.527000
8.565750
8.544667
8.562084
8.536709
8.547333
8.530583
8.574459
8.595125
8.610959
8.618959
8.562166
8.568333
8.546250
8.607583
8.523625
8.562208
8.597625
8.549375
8.538875
8.569041
8.525875
8.573041
8.581250
8.545000
8.527042
8.536000
8.535375
8.534542
8.532167
8.550583
8.516959
8.552792
8.533208
8.541709
8.549875
8.579250
8.531500
8.642125
8.529458
8.558708
8.545709
8.538500
8.529542
8.530041
9.306125
8.650250
8.588417
8.551458
8.567250
8.569084
8.596459
8.549708
8.587583
8.565417
8.637417
8.685958
8.716458
8.646125
8.797750
8.655500
8.708167
8.695375
8.710875
8.668542
8.726542
8.704084
8.690000
8.692375
8.702417
8.687375
8.733750
8.692000
8.690291
8.664458
8.726958
8.709542
8.697542
8.722792
8.714667
8.749333
8.690375
8.772875
8.675542
8.740708
8.728125
8.773583
8.696583
8.726208
8.725375
8.703166
8.726042
8.706334
8.736083
8.689916
8.707125
8.689167
8.710958
8.726167
8.734125
8.692500
8.749166
8.703583
8.800916
8.712042
8.723750
8.684958
8.732208
8.700625
8.744208
8.733625
8.706000
8.724291
8.711333
8.725250
8.717666
8.706667
8.724583
8.734458
8.717208
8.722208
8.693834
8.750084
8.697375
8.755375
8.697000
8.721125
8.689958
8.733375
8.691875
8.732875
8.709000
8.741666
8.712583
8.686208
8.702084
8.735291
8.735125
8.706459
8.658917
8.673958
8.695084
8.705041
8.701458
8.691667
8.687000
8.682250
8.684084
8.683542
8.715416
8.691500
8.755750
8.717416
8.733542
8.736000
8.714875
8.718708
8.754083
8.769459
8.748625
8.742833
8.684625
8.705000
8.700667
8.746125
8.704250
8.743000
8.723208
8.768833
8.699542
8.750000
8.728250
8.747333
8.706667
8.740833
8.753042
8.722209
8.695791
8.736833
8.700792
8.689500
8.762625
8.735125
8.774000
8.737375
8.777667
8.734916
8.736416
8.695666
