9.319834
8.272583
8.149583
8.190125
8.102875
8.142458
8.160500
8.107792
8.101584
8.167459
8.194791
8.128291
8.114083
8.125750
8.132125
8.121667
8.128041
8.185834
8.160250
8.115084
8.165291
8.100125
8.160458
8.168958
8.150333
8.118291
8.149459
8.107208
8.165333
8.119542
8.170459
8.114208
8.197083
8.127458
8.200167
8.126500
8.121791
8.101000
8.144459
8.168375
8.175292
8.092875
8.152458
8.120000
8.150583
8.135791
8.142458
8.129916
8.149666
8.113583
8.164833
8.117292
8.156333
8.165000
8.112125
8.149666
8.124500
8.119708
8.160708
8.161542
8.141208
8.148042
8.098041
8.154625
8.137000
8.144958
8.137291
8.193709
8.134709
8.199792
8.117292
8.164875
8.132417
8.173625
8.112917
8.252459
8.149917
8.169500
8.121917
8.173750
8.085833
8.135584
8.127291
8.187958
8.151875
8.163875
8.136042
8.204416
8.130167
8.153333
8.134542
8.153584
8.098583
8.165625
8.145125
8.177667
8.132917
8.113542
8.148250
8.172000
8.147208
8.156125
8.148417
8.114208
8.123084
8.187500
8.228167
8.354459
8.230417
8.146375
8.165916
8.136250
8.138750
8.132292
8.150084
8.098375
8.172000
8.147458
8.144584
8.124292
8.134041
8.097000
8.148584
8.157500
8.155000
8.143542
8.157791
8.142458
8.145291
8.130292
8.159625
8.134375
8.177584
8.139541
8.184708
8.170958
8.274875
8.232875
8.336208
8.147166
8.186916
8.147416
8.172334
8.170416
8.175041
8.152166
8.157083
8.159417
8.150792
8.146625
8.149125
8.173708
8.161541
8.153625
8.165167
8.190542
8.198042
8.184167
8.194000
8.189417
8.159458
8.202417
8.163708
8.202333
8.180750
8.212875
8.156625
8.275583
8.158625
8.203625
8.162250
8.202500
8.162083
8.197792
8.129375
8.188250
8.156666
8.197792
8.145541
8.206208
8.165875
8.214833
8.159584
8.217084
8.179583
8.192458
8.169208
8.191417
8.183666
8.183416
8.178666
8.207958
8.161625
8.224291
8.183625
8.206291
8.171625
8.194250
8.181000
8.203000
8.166709
8.238833
8.195625
8.171625
8.194750
8.202250
8.196584
8.155334
8.210333
8.181209
8.218000
8.169250
8.186708
8.219917
8.200916
8.159834
8.190834
8.164583
8.200834
8.156333
8.221959
8.175042
8.236875
8.253959
8.227417
8.169042
8.198083
8.178750
8.172250
8.195417
8.193958
8.203916
8.178000
8.214417
8.191583
8.196542
8.192459
8.191375
8.183084
8.199791
8.203625
8.177625
8.188333
8.195917
8.198625
8.192875
8.179042
8.189250
8.208209
8.206042
8.194042
8.203542
8.191542
8.170792
8.197416
8.227542
8.939250
8.276584
8.280667
8.222375
8.222667
8.201083
8.212542
8.202208
8.187791
8.199916
8.214709
8.189125
8.253083
8.205334
8.173959
8.216167
8.186333
8.210292
8.194042
8.219625
8.210500
8.217917
8.202958
8.190041
8.237666
8.237041
8.203333
8.203792
8.257167
8.227542
8.217167
8.331917
8.199584
8.237167
8.216667
8.251709
8.188959
8.246666
8.192959
8.241542
8.198791
8.273375
8.217500
8.315000
8.196459
8.276084
8.200375
8.248000
8.214667
8.249084
8.221708
8.238750
8.213583
8.272917
8.206667
8.232042
8.208458
8.236083
8.205833
8.269250
8.228958
8.242959
8.231834
8.240208
8.233042
8.249375
8.191750
8.231625
8.259500
8.274750
8.206834
8.255917
8.221292
8.247375
8.193417
8.236708
8.224000
8.260209
8.218584
8.244292
8.251708
8.251541
8.227917
8.246500
8.228708
8.249250
8.244167
8.261625
8.232500
8.251208
8.213250
8.240792
8.222250
8.221083
8.173459
8.254375
8.217250
8.234708
8.209583
8.202208
8.211792
8.251375
8.221583
8.288000
8.220167
8.253125
8.226167
8.257000
8.227375
8.213708
8.209500
8.231208
8.230667
8.216792
8.214958
8.255834
8.228583
8.237958
8.266459
8.250542
8.295042
8.227875
8.283334
8.228833
8.244083
8.280292
8.261750
8.254208
8.303625
8.332166
8.264417
8.208208
8.363333
8.232667
8.294291
8.247167
8.273666
8.236916
8.303042
8.230834
8.275541
8.242834
8.290459
8.257541
