10.889792
8.850500
8.704625
8.783875
8.761834
8.716083
8.745208
8.755167
8.744125
8.762833
8.746791
8.738750
8.744834
8.746667
8.753292
8.764125
8.765875
8.757875
8.772708
8.754958
8.775667
8.759625
8.763541
8.696833
8.737542
8.659042
8.751959
8.731459
8.772917
8.738750
8.762958
8.729375
8.734208
8.743375
8.755166
8.744416
8.725958
8.748292
8.761292
8.752250
8.737583
8.716583
8.729041
8.754584
8.731458
8.748083
8.702083
8.757000
8.722917
8.735875
8.736875
8.777666
8.732417
8.764542
8.745375
8.761917
8.752458
8.737167
8.735083
8.760458
8.826500
8.729125
8.770541
8.724625
8.772250
8.705166
8.760125
8.723583
8.754375
8.723416
8.789292
8.760666
8.727166
8.699500
8.780209
8.759250
8.764458
8.774458
8.767167
8.743000
8.756125
8.773375
8.755875
8.729208
8.768667
8.811458
8.726250
8.763292
8.733667
8.773000
8.742166
8.765458
8.764541
8.782875
8.764791
8.762458
8.772291
8.765958
8.755292
8.754042
8.787500
8.760583
8.784416
8.735000
8.780416
8.750916
8.766000
8.744791
8.754750
8.778750
8.755084
8.735000
8.739625
8.747208
8.877958
8.796250
8.783833
8.753542
8.765041
8.802500
8.756916
8.755292
8.755292
8.776667
8.774500
8.765459
8.762167
8.769542
8.780167
8.762375
8.799542
8.789541
8.744833
8.773000
8.772750
8.785583
8.793375
8.765292
8.793042
8.768292
8.749666
8.800375
8.799500
8.739917
8.787250
8.748792
8.794375
8.806083
8.751416
8.770708
8.782500
8.801250
8.761666
8.791042
8.770000
8.808250
8.748542
8.780042
8.772459
8.801833
8.739041
8.794000
8.739583
8.808875
8.771792
8.817666
8.780292
8.797459
8.761667
8.787625
8.768209
8.787500
8.776666
8.781083
8.783000
8.779167
8.806375
8.783000
8.799333
8.738583
8.815834
8.761916
8.813500
8.785500
8.798500
8.796834
8.805708
8.764542
8.796042
8.792875
8.807250
8.808542
8.785500
8.825750
8.797667
8.811791
8.761583
8.793541
8.752708
8.819541
8.752584
8.827416
8.782417
8.800125
8.794167
8.805375
8.810583
8.820125
8.781333
8.789417
8.791958
8.806584
8.816333
8.795125
8.770333
8.752584
8.771166
8.761791
8.813375
8.787875
8.807083
8.824083
8.796209
8.795792
8.813791
8.824917
8.824833
8.825375
8.870750
8.821500
8.790583
8.794042
8.780292
8.784583
8.822625
8.817042
8.813375
8.815791
8.817583
8.825125
8.825791
8.817833
8.824750
8.822500
8.832208
8.816417
8.829208
8.839958
8.856792
8.823750
8.841292
8.784333
8.823167
8.822292
8.816291
8.843209
9.543875
8.906834
8.823833
8.851583
8.817667
8.932125
8.838750
8.854375
8.799417
8.819750
8.793250
8.844583
8.789292
8.820208
8.829000
8.811000
8.806916
8.845625
8.805417
8.810583
8.817625
8.822792
8.869125
8.827958
8.810042
8.773167
8.811625
8.788416
8.830708
8.810125
8.830792
8.825583
8.816875
8.828250
8.828750
8.798416
8.768208
8.761041
8.703250
8.894125
8.744500
8.775750
8.805667
8.765958
8.806541
8.768333
8.828708
8.826500
8.807583
8.836917
8.811458
8.795667
8.928208
9.126875
9.666000
9.328792
9.314833
9.156500
8.961833
8.978916
8.737917
8.706083
8.681208
8.678292
8.700209
8.719791
8.677791
8.657500
8.623541
8.659792
8.597667
8.616208
8.585916
8.608916
8.592042
8.674958
8.599250
8.585459
8.582541
8.573083
8.576542
8.551958
8.593084
8.561959
8.568709
8.563166
8.578666
8.566666
8.565583
8.576709
8.568250
8.579792
8.567500
8.557000
8.580209
8.623666
8.581125
8.566459
8.581375
8.574334
8.580625
8.574709
8.624542
8.628250
8.623417
8.594375
8.599791
8.598041
8.580750
8.619125
8.589708
8.604375
8.582708
8.600625
8.590583
8.619792
8.574375
8.611625
8.577958
8.607208
8.574208
8.603000
8.596042
8.602791
8.588459
8.596375
8.590166
8.607958
8.573875
8.615041
8.587500
8.616334
8.565416
8.662625
8.608000
8.615875
8.585542
8.649791
8.619333
8.624250
8.600041
8.575083
8.610250
8.605125
