10.054708
8.826167
8.789292
8.758167
8.717916
8.775000
8.785541
8.761541
8.707375
8.762542
8.776833
8.759750
8.746333
8.724917
8.754875
8.760083
8.742542
8.727708
8.714667
8.729708
8.745834
8.737708
8.758375
8.770042
8.760959
8.763541
8.756042
8.757667
8.764250
8.765000
8.783250
8.761708
8.760791
8.755375
8.768458
8.781208
8.765417
8.757125
8.762625
8.754625
8.764875
8.673500
8.759000
8.718500
8.757375
8.755250
8.761958
8.744875
8.791792
8.742292
8.757208
8.742292
8.753292
8.750334
8.766000
8.757708
8.741583
8.792875
8.739167
8.751542
8.707125
8.740875
8.762333
8.765583
8.740708
8.738833
8.741584
8.760083
8.759667
8.752792
8.761541
8.741542
8.743959
8.772542
8.763250
8.773083
8.769000
8.760208
8.761500
8.728667
8.742458
8.738416
8.761542
8.761708
8.768834
8.760583
8.759042
8.774708
8.762125
8.751917
8.715375
8.750750
8.847708
8.806750
8.805459
8.794458
8.751625
8.745750
8.723167
8.750875
8.739250
8.744791
8.721917
8.767917
8.744000
8.770625
8.769417
8.771500
8.766250
8.767875
8.750792
8.759958
8.764125
8.763500
8.813417
8.757958
8.776334
8.746500
8.773167
8.718292
8.763458
8.875250
8.810417
8.826458
8.766375
8.765000
8.755125
8.741416
8.758417
8.787917
8.760541
8.790125
8.769167
8.779375
8.775209
8.762958
8.764583
8.779625
8.765292
8.775875
8.760208
8.791334
8.767916
8.771834
8.770625
8.780542
8.791667
8.776333
8.763167
8.790125
8.761125
8.758000
8.774833
8.782833
8.764959
8.756208
8.806833
8.759167
8.775167
8.742333
8.788708
8.793083
8.786500
8.760750
8.752667
8.759542
8.795459
8.762500
8.847792
8.810333
8.799666
8.804250
8.782375
8.814875
8.724875
8.774958
8.758167
8.796041
8.775042
8.782292
8.761417
8.793000
8.877042
8.799334
8.771459
8.793375
8.763375
8.785375
8.798250
8.798209
8.791750
8.785958
8.787208
8.746875
8.779667
8.776833
8.816292
8.795166
8.786334
8.805041
8.805833
8.809167
8.805667
8.810709
8.787041
8.791709
8.765542
8.840416
8.810208
8.815167
8.794125
8.793708
8.729750
8.829250
8.812375
8.791750
8.884667
8.820125
8.795542
8.809083
8.775750
8.816791
8.796084
8.830208
8.802042
8.798791
8.836917
8.780708
8.812167
8.768083
8.813250
8.790958
8.823833
8.814917
8.808750
8.810708
8.810750
8.825291
8.821250
8.803917
8.797375
8.872417
8.804625
8.807667
8.803292
8.854292
8.803708
8.828750
8.812416
8.815000
8.822000
8.807875
8.815375
8.822916
8.828541
8.819375
9.568667
8.897167
8.847583
8.846541
8.817834
8.824791
8.816334
8.826584
8.788500
8.819333
8.849209
8.806833
8.843167
8.824375
8.825625
8.834708
8.822125
8.828584
8.807250
8.826000
8.825250
8.812625
8.784834
8.848458
8.763250
8.812500
8.837709
8.833125
8.825167
8.826209
8.836458
8.804875
8.819292
8.826667
8.837875
8.823125
8.838167
8.814292
8.825083
8.789500
8.825833
8.794333
8.839542
8.807333
8.829250
8.836709
8.850209
8.827125
8.815791
8.857875
8.829042
8.853542
8.820458
8.852042
8.811250
8.833833
8.797958
8.837584
8.805625
8.842708
8.828167
8.834166
8.832375
8.831042
8.836625
8.833333
8.833708
8.867958
8.804708
8.814917
8.828250
8.824875
8.851708
8.824875
8.827917
8.836083
8.848125
8.792167
8.779750
8.840041
8.851708
8.818708
8.839875
8.849916
8.822875
8.834125
8.829542
8.840667
8.814958
8.839791
8.777875
8.821959
8.808084
8.851459
8.864000
8.843583
8.826125
8.838792
8.854417
8.841458
8.828792
8.840416
8.844625
8.845333
8.838458
8.840500
8.835833
8.861958
8.838958
8.855333
8.854167
8.845167
8.832958
8.851125
8.865542
8.833250
8.844125
8.892000
8.840750
8.852167
8.877750
8.861875
8.848375
8.859250
8.856625
8.861833
8.858458
8.826458
8.884750
8.854250
8.866583
8.850083
8.850334
8.841000
8.868333
8.850750
8.856959
8.833375
8.846042
8.808209
9.045000
9.010792
9.015667
9.046125
