9.340209
8.250333
8.211666
8.147209
8.168209
8.128500
8.205000
8.169875
8.216917
8.157042
8.137666
8.125334
8.153458
8.132416
8.153083
8.126875
8.168458
8.147209
8.124000
8.144209
8.173416
8.128625
8.147375
8.099417
8.139042
8.096750
8.167334
8.158583
8.144125
8.125250
8.136709
8.130834
8.108167
8.166375
8.136500
8.136125
8.098833
8.134000
8.124084
8.167334
8.125334
8.214375
8.084417
8.176833
8.140667
8.159875
8.142416
8.196333
8.130000
8.143417
8.127542
8.171125
8.142250
8.160666
8.150375
8.148875
8.169875
8.165000
8.159333
8.151375
8.158041
8.195417
8.140083
8.165042
8.132292
8.194417
8.142584
8.167541
8.163959
8.173292
8.132416
8.165917
8.147666
8.178792
8.130875
8.164291
8.156375
8.116958
8.147167
8.147250
8.125875
8.122459
8.121209
8.161792
8.144667
8.099000
8.146708
8.185833
8.229583
8.239709
8.166000
8.162167
8.259292
8.141916
8.165292
8.134959
8.134209
8.146417
8.181625
8.168417
8.162875
8.152417
8.181083
8.135500
8.205667
8.128167
8.193708
8.146916
8.194208
8.146166
8.164125
8.162333
8.167833
8.182084
8.185542
8.179833
8.179542
8.170584
8.208292
8.258000
8.402958
8.197292
8.182250
8.210250
8.163042
8.145417
8.179875
8.159833
8.165334
8.190917
8.144000
8.171125
8.176625
8.215750
8.180417
8.186583
8.218708
8.190000
8.185250
8.211083
8.195958
8.227875
8.125959
8.217041
8.150958
8.209250
8.304209
8.174792
8.176666
8.287875
8.201042
8.236167
8.181542
8.208833
8.161833
8.201416
8.178000
8.198416
8.164125
8.189583
8.159750
8.166084
8.141458
8.200292
8.156209
8.190000
8.204958
8.299125
8.179125
8.207875
8.172459
8.219625
8.184375
8.200292
8.156667
8.201500
8.259250
8.181625
8.194417
8.200042
8.184333
8.217875
8.183166
8.175750
8.182875
8.183750
8.160125
8.182333
8.208833
8.182375
8.238667
8.184250
8.226750
8.188709
8.203958
8.209417
8.213667
8.195583
8.207500
8.176083
8.181042
8.175833
8.196542
8.170250
8.197667
8.214167
8.200125
8.273875
8.170417
8.203791
8.203875
8.188000
8.206167
8.193083
8.204542
8.207333
8.214250
8.201041
8.188291
8.190708
8.225583
8.205958
8.202375
8.178709
8.183208
8.194000
8.224375
8.211125
8.214334
8.210208
8.236500
8.184209
8.228417
8.207083
8.227917
8.192750
8.246375
8.221042
8.280917
8.197250
8.225875
8.234750
8.234084
8.225250
8.227750
8.195083
8.231916
8.191625
8.214291
8.190125
8.250167
8.215541
8.266083
8.199458
8.200666
8.208792
8.930041
8.252083
8.239917
8.230958
8.232166
8.218375
8.251625
8.233042
8.213958
8.242333
8.227458
8.204083
8.208750
8.220584
8.210209
8.282042
8.263209
8.227292
8.269083
8.224375
8.204000
8.354500
8.221000
8.240208
8.231500
8.216458
8.208625
8.237167
8.215166
8.215000
8.219792
8.267875
8.242667
8.248833
8.220167
8.347375
8.217917
8.272458
8.237583
8.269708
8.192667
8.242875
8.210334
8.267792
8.220208
8.250250
8.203667
8.266000
8.213792
8.288333
8.215708
8.274542
8.253958
8.279959
8.214792
8.264250
8.249792
8.302791
8.244625
8.252459
8.218833
8.258541
8.220291
8.242750
8.191542
8.243791
8.242375
8.240708
8.213875
8.221542
8.221042
8.219084
8.235333
8.222292
8.212500
8.222334
8.200917
8.245459
8.238125
8.238875
8.249666
8.236375
8.251250
8.248709
8.249709
8.258500
8.243292
8.225166
8.250291
8.275000
8.262750
8.250500
8.252833
8.249750
8.267250
8.223708
8.250958
8.287250
8.259917
8.237250
8.245750
8.227167
8.264667
8.262166
8.273333
8.257417
8.286125
8.262583
8.263458
8.259041
8.270458
8.242625
8.248500
8.296750
8.280375
8.283083
8.278250
8.245958
8.278000
8.243583
8.262209
8.276209
8.311459
8.244459
8.284291
8.241500
8.271500
8.242459
8.316291
8.242125
8.302000
8.308959
8.313584
8.273167
8.332958
8.280000
8.275334
8.269333
8.295459
8.318916
8.304375
8.341291
8.289875
8.381000
