10.138209
8.868750
8.802250
8.758875
8.774041
8.773167
8.759916
8.757208
8.751292
8.744125
8.779917
8.715792
8.744500
8.725834
8.757625
8.717792
8.702584
8.761417
8.735084
8.714375
8.756375
8.748084
8.749167
8.747875
8.745750
8.742834
8.758917
8.754875
8.759542
8.707167
8.759000
8.732375
8.731458
8.730959
8.743417
8.773584
8.708334
8.742500
8.721917
8.772583
8.723625
8.753750
8.711875
8.748584
8.743833
8.723875
8.750334
8.749625
8.734625
8.748041
8.755625
8.748250
8.791167
8.738125
8.767917
8.709958
8.770583
8.710125
8.750083
8.689083
8.751708
8.740209
8.738375
8.731333
8.750834
8.751500
8.751625
8.765667
8.768833
8.752750
8.723208
8.751041
8.704500
8.750708
8.773292
8.756667
8.697042
8.757916
8.727791
8.770375
8.752958
8.764542
8.724375
8.765125
8.761500
8.750417
8.742500
8.737250
8.747834
8.758750
8.763291
8.751791
8.755459
8.732167
8.755375
8.716917
8.754291
8.752917
8.759042
8.784875
8.745375
8.734500
8.762792
8.914084
8.777542
8.772292
8.756500
8.784750
8.766917
8.770542
8.777541
8.767958
8.768750
8.763708
8.759375
8.746500
8.756459
8.766708
8.765041
8.767709
8.742083
8.758458
8.741875
8.754584
8.741875
8.735833
8.722667
8.746292
8.742875
8.754750
8.752833
8.825916
8.842625
8.768208
8.783417
8.744792
8.759583
8.737125
8.768458
8.772625
8.791084
8.797000
8.805875
8.781292
8.799083
8.794458
8.772625
8.779208
8.782458
8.804833
8.754000
8.792583
8.748042
8.792875
8.719709
8.805250
8.755416
8.812292
8.799000
8.802625
8.791416
8.784958
8.763792
8.769792
8.812750
8.802333
8.804167
8.786375
8.893833
8.777042
8.830916
8.773041
8.800208
8.763333
8.783333
8.880833
8.791709
8.841125
8.799708
8.822792
8.711959
8.849958
8.788125
8.832042
8.819292
8.818334
8.693666
8.713042
8.740792
8.742875
8.740292
8.720958
8.685708
8.686750
8.731541
8.701834
8.743291
8.702917
8.757917
8.787167
8.742333
8.719041
8.732875
8.709959
8.780916
8.768958
8.757166
8.804875
8.823458
8.783917
8.739375
8.759916
8.659625
8.714042
8.689459
8.690375
8.702541
8.708375
8.662750
8.693417
8.686167
8.714291
8.729208
8.654000
8.650625
8.578208
8.667459
8.728667
8.745083
8.707125
8.699458
8.702167
8.699833
8.707459
8.677666
8.709000
8.696834
8.701084
8.695000
8.727667
8.720208
8.710583
8.726416
8.706291
8.738042
8.754125
8.722250
8.709875
8.740041
8.714958
8.745875
8.675959
8.769666
8.726583
8.769459
8.711958
9.422708
8.811708
8.741917
8.719292
8.740375
8.773958
8.734417
8.762334
8.690500
8.720541
8.690583
8.734416
8.729042
8.747125
8.708959
8.748208
8.751291
8.730000
8.712458
8.718666
8.707500
8.722083
8.710208
8.691959
8.727166
8.707083
8.745125
8.720750
8.749375
8.745041
8.833792
8.716000
8.747250
8.686500
8.771375
8.642250
8.753375
8.764291
8.731459
8.703084
8.722250
8.728666
8.731750
8.726334
8.721709
8.726584
8.738250
8.726000
8.738125
8.731000
8.752667
8.829958
8.719916
8.726750
8.719041
8.806000
8.720125
8.762208
8.720042
8.747833
8.707209
8.727208
8.737417
8.743292
8.759125
8.771834
8.752500
8.737000
8.696834
8.719209
8.724750
8.726375
8.726500
8.717166
8.735000
8.749833
8.740416
8.693083
8.728166
8.723125
8.725375
8.719375
8.732583
8.708375
8.709583
8.733875
8.721958
8.723958
8.726167
8.713250
8.747500
8.745167
8.723167
8.756000
8.706750
8.751458
8.799000
8.770916
8.737458
8.761292
8.772292
8.748583
8.733833
8.752167
8.718958
8.757167
8.747708
8.706709
8.755250
8.718625
8.752625
8.730000
8.761084
8.740959
8.774583
8.720292
8.765708
8.758750
8.779958
8.748208
8.819917
8.702916
8.750125
8.761375
8.763375
8.722125
8.725500
8.764125
8.725750
8.776417
8.747208
8.730417
8.732917
8.763750
8.759375
8.749834
8.752417
8.761250
8.761583
8.770625
8.763833
8.789792
8.733625
8.755292
