10.007667
8.749958
8.689875
8.657000
8.624542
8.621542
8.625125
8.614208
8.615000
8.637209
8.597916
8.624750
8.604500
8.642917
8.609292
8.619834
8.608375
8.650416
8.621542
8.620542
8.636916
8.612666
8.616917
8.632625
8.697042
8.602625
8.615416
8.660500
8.633625
8.640833
8.632167
8.639417
8.604000
8.671291
8.632583
8.629792
8.615208
8.646625
8.666834
8.618375
8.670208
8.656375
8.650375
8.623750
8.619958
8.639584
8.663500
8.620709
8.637084
8.606916
8.644625
8.634792
8.637208
8.643333
8.681750
8.664291
8.687875
8.617583
8.648125
8.633041
8.641083
8.648542
8.624000
8.635042
8.639042
8.646041
8.634625
8.646583
8.624833
8.622084
8.636083
8.621750
8.622125
8.734375
8.674917
8.667416
8.619959
8.722250
8.720417
8.676041
8.636125
8.640750
8.651959
8.620584
8.602875
8.603625
8.633416
8.617875
8.650917
8.653459
8.654375
8.639167
8.640584
8.628250
8.639500
8.618083
8.709083
8.639709
8.656500
8.660959
8.648709
8.655166
8.685208
8.627292
8.667625
8.627542
8.724666
8.767084
8.792167
8.660917
8.640792
8.653958
8.645958
8.619041
8.633250
8.660542
8.612291
8.638625
8.633500
8.636583
8.640875
8.631917
8.649917
8.646416
8.685750
8.673167
8.625916
8.645167
8.657500
8.640708
8.638542
8.647458
8.624417
8.663583
8.610334
8.684084
8.736959
8.665833
8.613167
8.646167
8.651625
8.664167
8.664750
8.645709
8.672250
8.611125
8.643083
8.643959
8.641500
8.707708
8.662542
8.669875
8.668250
8.638750
8.697167
8.640750
8.713334
8.639583
8.705000
8.641000
8.636208
8.614833
8.651542
8.613166
8.640791
8.643583
8.673916
8.656375
8.655709
8.650500
8.648333
8.681125
8.670792
8.645750
8.676334
8.656250
8.635584
8.678541
8.626083
8.651666
8.615333
8.679208
8.644042
8.694250
8.638375
8.691125
8.660208
8.666666
8.629292
8.643833
8.624584
8.651708
8.655833
8.669208
8.651375
8.651167
8.662875
8.647625
8.676375
8.639458
8.692083
8.670625
8.717000
8.657375
8.676042
8.657167
8.682333
8.644209
8.691917
8.642834
8.708042
8.663042
8.664833
8.660542
8.630250
8.670000
8.647792
8.663708
8.688250
8.674750
8.649375
8.687667
8.650250
8.697125
8.668292
8.700458
8.630958
8.682750
8.657875
8.694000
8.680334
8.671792
8.643583
8.667542
8.654666
8.660167
8.655542
8.666500
8.644083
8.653667
8.649458
8.656792
8.647875
8.647208
8.648958
8.634500
8.659375
8.669167
8.675000
8.661792
8.656334
8.657417
8.666167
8.651541
8.662375
8.701166
9.413750
8.737333
8.705167
8.695084
8.686250
8.674375
8.702333
8.687458
8.705583
8.683458
8.693125
8.666833
8.642417
8.702625
8.640042
8.678917
8.696167
8.673958
8.673958
8.720375
8.677583
8.786167
8.713250
8.757375
8.669709
8.686333
8.584625
8.555666
8.671083
8.698083
8.693250
8.740916
8.713083
8.692042
8.805375
8.729541
8.758833
8.684625
8.719417
8.675750
8.694541
8.728875
8.737000
8.680875
8.708916
8.681750
8.700334
8.701042
8.744083
8.724833
8.704166
8.699333
8.676500
8.699875
8.701334
8.719250
8.694542
8.718542
8.698083
8.738208
8.685416
8.720917
8.667125
8.697667
8.700291
8.741000
8.688041
8.728666
8.705708
8.755209
8.699209
8.710667
8.700209
8.706833
8.686833
8.698417
8.673500
8.710875
8.689667
8.680250
8.699958
8.673625
8.696917
8.711167
8.726625
8.687625
8.731375
8.677375
8.743542
8.689792
8.764250
8.690084
8.669250
8.696666
8.666041
8.706875
8.679709
8.684042
8.709917
8.664083
8.740291
8.702584
8.698959
8.702333
8.715208
8.678417
8.701750
8.709250
8.669208
8.696541
8.702750
8.740750
8.784833
8.693500
8.698083
8.688458
8.708709
8.731333
8.715167
8.696084
8.702084
8.727458
8.730750
8.739250
8.711042
8.737084
8.718292
8.691667
8.733875
8.752750
8.718167
8.689500
8.734333
8.704541
8.749916
8.712708
8.755083
8.773375
8.745625
8.726042
8.718584
8.738292
8.706209
8.726875
