9.347875
8.368792
8.275541
8.256084
8.236333
8.250125
8.244916
8.275625
8.204625
8.218708
8.226500
8.240833
8.259250
8.234083
8.170084
8.242667
8.219125
8.221083
8.197791
8.232417
8.215209
8.223458
8.217292
8.225458
8.228875
8.189250
8.256375
8.209000
8.231000
8.226208
8.246083
8.235917
8.246667
8.220500
8.235875
8.220167
8.345542
8.218042
8.244042
8.298375
8.251750
8.241875
8.252500
8.230750
8.280833
8.263209
8.277208
8.249709
8.259125
8.245542
8.253792
8.247000
8.267042
8.230292
8.236542
8.223917
8.250750
8.242167
8.256334
8.237167
8.249750
8.265208
8.247459
8.242583
8.253666
8.255333
8.267875
8.244875
8.304250
8.283667
8.291834
8.256292
8.259250
8.229208
8.272833
8.257792
8.252250
8.224750
8.263000
8.211791
8.250417
8.247625
8.264416
8.257375
8.266750
8.284000
8.258166
8.307500
8.261292
8.250125
8.279042
8.228750
8.296875
8.347542
8.265958
8.370750
8.286833
8.250667
8.217291
8.267166
8.387584
8.254667
8.298000
8.253625
8.300417
8.221292
8.275250
8.211875
8.270958
8.266417
8.292250
8.232584
8.261625
8.219417
8.270958
8.251667
8.303750
8.243708
8.298500
8.221708
8.297792
8.193542
8.277667
8.256875
8.289708
8.239750
8.305417
8.218041
8.291334
8.200417
8.241250
8.374541
8.332333
8.360041
8.253834
8.224458
8.249042
8.272375
8.238250
8.176834
8.265583
8.274791
8.275292
8.277542
8.260167
8.237167
8.292292
8.245209
8.301583
8.233500
8.280417
8.276584
8.263584
8.279333
8.283750
8.287208
8.283291
8.329666
8.340375
8.294042
8.288583
8.354750
8.307125
8.249875
8.302917
8.267709
8.413583
8.273750
8.334917
8.282666
8.415875
8.262000
8.404916
8.278708
8.361959
8.279583
8.373416
8.283167
8.446833
8.311542
8.309875
8.279250
8.403209
8.324458
8.326625
8.285583
8.379875
8.279292
8.401125
8.300917
8.367667
8.277792
8.365583
8.280041
8.397291
8.277291
8.385000
8.289625
8.357375
8.298000
8.398416
8.248166
8.392417
8.286500
8.387208
8.283250
8.410208
8.275375
8.361917
8.288083
8.361209
8.303875
8.388709
8.296709
8.368625
8.297750
8.362958
8.305459
8.347292
8.288833
8.392375
8.278458
8.357458
8.283125
8.410208
8.286750
8.321125
8.287834
8.408375
8.307667
8.387708
8.293166
8.386917
8.300333
8.332500
8.299917
8.376750
8.300250
8.350083
8.308416
8.352250
8.304583
8.389458
8.298209
8.385416
8.293666
8.337500
8.303000
8.360125
8.300333
8.379416
8.319584
8.340625
8.293792
8.400375
8.288791
8.949917
8.368791
8.338542
8.300000
8.341625
8.283750
8.301333
8.293166
8.313042
8.310792
8.326542
8.307375
8.325500
8.285125
8.321959
8.312417
8.319708
8.275833
8.327041
8.311125
8.341583
8.296625
8.355375
8.296333
8.335917
8.303583
8.338833
8.295750
8.314250
8.329416
8.379000
8.300125
8.321250
8.346917
8.376917
8.320625
8.372208
8.327916
8.350875
8.317958
8.363084
8.311583
8.359042
8.295458
8.357250
18.310833
8.456750
8.468458
8.478292
8.481084
8.470375
8.469708
8.542500
8.459041
8.448083
8.524041
8.466792
8.494583
8.503292
8.392917
8.258541
8.355375
8.337666
8.334417
8.329000
8.334250
8.319208
8.350000
8.328208
8.343750
8.330000
8.343333
8.331125
8.313209
8.295875
8.328000
8.327791
8.335750
8.340042
8.338417
8.344500
8.344916
8.323500
8.309625
8.348375
8.342750
8.325959
8.326833
8.266333
8.323292
8.353416
8.325291
8.332417
8.346166
8.338333
8.309458
8.333958
8.344542
8.352167
8.317250
8.363667
8.359750
8.334292
8.368375
8.350875
8.352125
8.351375
8.376375
8.362834
8.379000
8.342792
8.350042
8.333708
8.335208
8.341458
8.339459
8.367500
8.392333
8.345000
8.347875
8.377334
8.337000
8.377250
8.344667
8.359125
8.360917
8.361458
8.318458
8.368167
8.349458
8.370000
8.336875
8.370083
8.345541
8.360166
8.342250
8.355458
8.331708
8.355208
8.358292
8.374750
8.384083
8.360708
8.356583
