10.390458
8.979667
8.760291
8.747750
8.745791
8.751625
8.766583
8.756667
8.784958
8.760250
8.744125
8.823750
8.794458
8.758000
8.749875
8.747625
8.785083
8.740708
8.761750
8.689792
8.728042
8.723083
8.728500
8.737208
8.757375
8.744959
8.732959
8.733208
8.742709
8.754542
8.733917
8.746250
8.731625
8.766125
8.727500
8.746042
8.722333
8.754750
8.665750
8.745167
8.715542
8.695375
8.759500
8.746333
8.742459
8.746375
8.754541
8.747333
8.758000
8.754833
8.771750
8.666375
8.672875
8.647875
8.737958
8.707875
8.682709
8.740916
8.710833
8.696375
8.723708
8.761834
8.660625
8.715625
8.605625
8.722708
8.701333
8.692000
8.731500
8.749541
8.710084
8.730417
8.730666
8.712875
8.769250
8.902917
8.930250
9.426708
8.818750
9.307125
8.811417
8.986041
8.744708
8.618792
8.616667
8.599500
8.617292
8.629583
8.574792
8.546875
8.548792
8.508792
8.540959
8.546292
8.532791
8.546458
8.537875
8.520583
8.526125
8.522125
8.538292
8.515417
8.517459
8.517292
8.531958
8.526875
8.525500
8.560084
8.538292
8.529875
8.539875
8.580500
8.561458
8.708750
8.521083
8.505500
8.547250
8.522833
8.526459
8.542125
8.645292
8.557292
8.510250
8.571708
8.551000
8.671250
8.543000
8.551375
8.512208
8.549291
8.513709
8.557125
8.503250
8.529292
8.498875
8.532292
8.496459
8.534833
8.520667
8.569083
8.647834
8.529834
8.512167
8.530792
8.542500
8.518542
8.580625
8.533750
8.522667
8.550792
8.540000
8.506458
8.515458
8.560167
8.517458
8.541959
8.522000
8.509250
8.554625
8.540500
8.533084
8.540458
8.545917
8.536458
8.530708
8.518250
8.534625
8.520542
8.545458
8.527375
8.556041
8.530583
8.579958
8.524625
8.564542
8.559167
8.586083
8.525417
8.631958
8.557959
8.528416
8.556250
8.560375
8.563667
8.560917
8.545000
8.550833
8.558542
8.549125
8.541125
8.559500
8.583167
8.632667
8.664250
8.635959
8.660542
8.646417
8.702667
8.651333
8.720875
8.662583
8.700250
8.663125
8.773792
8.705042
8.664000
8.696959
8.688709
8.676917
8.681375
8.697250
8.659167
8.685667
8.625208
8.660708
8.635083
8.682167
8.650375
8.663333
8.649292
8.650833
8.673666
8.685875
8.693625
8.642459
8.670709
8.666125
8.649000
8.670291
8.675000
8.668292
8.651666
8.704166
8.662291
8.671333
8.664000
8.681708
8.691250
8.669375
8.684125
8.684041
8.679958
8.672000
8.708709
8.714167
8.722375
8.681667
8.688250
8.698375
8.718917
8.691459
8.796000
8.714875
8.714625
8.708000
8.739292
9.454459
8.752875
8.705458
8.713875
8.702708
8.685291
8.728500
8.670458
8.740792
8.721375
8.752916
8.712084
8.717959
8.683000
8.698541
8.666292
8.689291
8.671709
8.716833
8.688250
8.720334
8.720333
8.698375
8.693458
8.670750
8.692500
8.667458
8.704042
8.682000
8.697250
8.681042
8.737917
8.669417
8.725416
8.678250
8.720458
8.727042
8.710791
8.644209
8.732500
8.643875
8.732833
8.668416
8.774250
8.672666
8.721083
8.695834
8.717000
8.719958
8.700750
8.709292
8.692792
8.722542
8.657750
8.728333
8.678458
8.714459
8.688417
8.739875
8.719000
8.721375
8.776542
8.686250
8.698166
8.723042
8.705667
8.708292
8.713209
8.727625
8.702416
8.699750
8.673667
8.704125
8.693750
8.675125
8.664458
8.681167
8.723750
8.684583
8.728250
8.709291
8.736709
8.678042
8.706792
8.681417
8.729958
8.677666
8.692792
8.755334
8.670750
8.693000
8.691500
8.709417
8.699417
8.701500
8.722834
8.737125
8.724667
8.747417
8.709125
8.739625
8.734625
8.760292
8.684917
8.738958
8.704833
8.778292
8.713584
8.725958
8.716416
8.739084
8.726833
8.740958
8.792709
8.746209
8.743500
8.726167
8.729042
8.740875
8.755333
8.748542
8.757708
8.749000
8.753209
8.678167
8.749583
8.739917
8.773417
8.745959
8.773250
8.734584
8.779542
8.731792
8.749750
8.746458
8.734583
8.734208
8.726542
8.750292
8.718708
8.760333
8.688000
8.730000
8.713250
