10.061917
17.872250
8.804083
8.853500
8.728250
8.854834
8.655917
8.846333
8.828667
8.775042
8.798750
8.762208
8.798500
9.527292
8.942958
8.878042
8.973166
8.894791
8.973125
8.879167
9.011625
8.889000
8.940625
8.908292
8.907500
8.934667
8.912584
8.928958
8.756458
8.837375
8.736042
8.968542
8.721666
8.850875
8.718125
8.869000
8.746208
8.847833
8.767333
8.783959
8.769708
8.785000
8.786958
8.762667
8.818666
8.778792
8.877125
8.750292
8.798792
8.735167
8.829709
8.720541
8.842750
8.728708
8.865083
8.777209
8.727083
8.800167
8.771833
8.753375
8.765709
8.808542
8.778834
8.875417
8.791958
8.849709
8.778958
8.879583
8.742583
8.990667
8.720959
9.017916
8.753500
8.855458
8.762917
8.826250
8.799042
8.754125
8.830416
8.763208
8.857583
8.765042
8.857792
8.757792
8.832125
8.739834
8.799875
8.820750
8.921750
8.746292
8.888625
8.815917
8.795375
8.791125
8.786959
8.820250
8.761583
8.841584
8.763417
8.828958
8.781167
8.858458
8.755667
9.004000
8.748084
8.864375
8.803250
8.905459
8.842167
8.802542
8.927167
8.799500
8.817917
8.749375
8.894125
8.750917
8.902833
8.822916
8.794542
8.775417
8.778042
8.762042
8.768500
8.728625
8.774834
8.746500
8.789458
8.762667
8.776459
8.783291
8.792042
8.768542
8.796791
8.783584
8.770709
8.766833
8.770834
8.892542
8.784709
8.790667
8.742500
8.790750
8.779083
8.763750
8.713792
8.771917
8.770875
8.787125
8.782500
8.809709
8.789917
8.743708
8.811583
8.809417
8.769250
8.778958
8.807125
8.801750
8.804250
8.748959
8.800125
8.753667
8.806125
8.764583
8.801375
8.771750
8.778333
8.766708
8.792875
8.720541
8.789708
8.777167
8.755750
8.778875
8.839167
8.836875
8.793125
8.782083
8.769250
8.798542
8.760791
8.786000
8.768792
8.815625
8.772958
8.787042
8.792083
8.794458
8.793584
8.802167
8.791291
8.793042
8.797250
8.796709
8.791542
8.753750
8.750000
8.754792
8.828625
8.788667
8.808250
8.807458
8.802875
8.803833
8.811125
8.800458
8.799792
8.788500
8.819666
8.792083
8.893959
8.817500
8.802208
8.817042
8.802208
8.792833
8.785333
8.824833
8.797666
8.782792
8.814709
8.807333
8.729416
8.827375
8.804125
8.792125
8.829959
8.808375
8.837125
8.805000
8.810333
8.758166
8.818458
8.786042
8.822167
8.815416
8.804917
8.810584
8.800375
8.806875
8.791292
8.774291
8.803166
8.751334
8.816500
8.834458
8.820250
8.831667
8.806417
8.817667
8.782458
8.821667
8.768042
8.890125
8.819500
8.838167
9.507417
8.836292
8.855958
8.821375
8.836333
8.815958
8.840209
8.795875
8.836792
8.772375
8.826625
8.793791
8.843833
8.818417
8.809000
8.837125
8.841750
8.799125
8.838042
8.783625
8.820959
8.830041
8.860833
8.856459
8.811250
8.831709
8.742500
8.809917
8.798000
8.831708
8.804916
8.846334
8.827708
8.826834
8.833375
8.860292
8.846375
8.834625
8.847208
8.835292
8.860375
8.835875
8.815000
8.782833
8.843416
8.823417
8.848791
8.834833
8.835292
8.855875
8.835750
8.826458
8.864375
8.853167
8.849000
8.872958
8.831500
8.840916
8.827458
8.850791
8.851292
8.836708
8.841750
8.838000
8.830791
8.823959
8.836667
8.800291
8.831625
8.842250
8.828334
8.850333
8.842292
8.826583
8.840708
8.837750
8.830958
8.825459
8.849583
8.828958
8.851209
8.867083
8.854125
8.827750
8.860375
8.843583
8.855833
8.866292
8.935625
8.889166
8.834667
8.857209
8.799625
8.854459
8.817750
8.792166
8.767917
8.752292
8.862583
8.788542
8.824041
8.780125
8.831625
8.792000
8.849000
8.842500
8.822500
8.757875
8.786667
8.785250
8.809459
8.866208
8.785417
8.867417
8.885042
8.856250
8.867250
8.779625
8.764417
8.782375
8.758292
8.778125
8.720708
8.797167
8.768084
8.809500
8.770541
8.781292
8.806542
8.756584
8.815917
8.792917
8.704541
8.715042
8.726791
8.650750
8.806292
8.762000
8.780417
8.762541
8.747542
8.768167
8.785625
8.775042
