14.144584
8.325125
8.188125
8.171834
8.142375
8.198917
8.122208
8.194000
8.113791
8.172584
8.141834
8.133375
8.126583
8.174959
8.132083
8.169833
8.140042
8.162667
8.125000
8.151250
8.129541
8.165750
8.143875
8.168250
8.116625
8.160541
8.120708
8.151333
8.119875
8.139041
8.162542
8.150666
8.147458
8.152584
8.121833
8.143583
8.134541
8.132750
8.153708
8.103125
8.124750
8.107833
8.132250
8.160125
8.149750
8.121958
8.128583
8.130792
8.164125
8.128750
8.123208
8.122125
8.123625
8.118250
8.185959
8.135209
8.205709
8.111958
8.159542
8.152375
8.134709
8.190250
8.184000
8.138625
8.171500
8.133875
8.158791
8.147041
8.159625
8.134167
8.184042
8.137667
8.114917
8.182708
8.116375
8.149834
8.163292
8.171500
8.158708
8.155875
8.171542
8.179500
8.175291
8.147542
8.140667
8.149458
8.118000
8.192375
8.168667
8.164458
8.151500
8.182791
8.202250
8.342667
8.181459
8.210083
8.155000
8.193958
8.152375
8.161666
8.162458
8.206292
8.152875
8.204541
8.202333
8.215625
8.167875
8.198875
8.162333
8.190458
8.116208
8.196500
8.203709
8.214459
8.179584
8.165833
8.177750
8.186000
8.127250
8.174875
8.145667
8.204000
8.163208
8.267500
8.251417
8.335916
8.210375
8.205875
8.158958
8.142292
8.187583
8.146084
8.147209
8.153792
8.197541
8.187459
8.153750
8.147334
8.150208
8.157667
8.203375
8.200584
8.209750
8.123208
8.168250
8.153209
8.210208
8.207542
8.221042
8.280459
8.296791
8.287750
8.295708
8.273459
8.310792
8.248959
8.304959
8.270458
8.264166
8.269042
8.294292
8.276458
8.304875
8.257792
8.278459
8.255167
8.301500
8.261250
8.302042
8.271042
8.299916
8.298375
8.318041
8.266542
8.297708
8.251583
8.340916
8.277416
8.306792
8.296625
8.290875
8.298625
8.294792
8.277375
8.278250
8.272000
8.272083
8.287083
8.300250
8.246917
8.304333
8.296708
8.259458
8.266167
8.288334
8.288584
8.286500
8.281708
8.279958
8.269667
8.275875
8.291917
8.304000
8.316583
8.304958
8.253167
8.297459
8.286834
8.302167
8.279333
8.304584
8.299042
8.306208
8.274458
8.353375
8.288167
8.307042
8.305208
8.328875
8.302667
8.286625
8.300584
8.304750
8.302917
8.278583
8.291208
8.295042
8.346916
8.336083
8.301250
8.326666
8.272750
8.332250
8.277083
8.294458
8.311166
8.311334
8.258209
8.329625
8.304166
8.307833
8.334708
8.309250
8.299417
8.332042
8.296625
8.351292
8.308416
8.333750
8.294333
8.295500
8.324500
8.346041
8.314542
8.332625
8.296583
8.986500
8.344416
8.343542
8.310583
8.339000
8.302917
8.316542
8.325875
8.321208
8.325667
8.317416
8.304625
8.321917
8.279458
8.327625
8.291125
8.324417
8.296500
8.313958
8.344000
8.330042
8.293792
8.342709
8.308459
8.319750
8.309250
8.318917
8.290959
8.296500
8.285292
8.344042
8.305125
8.332459
8.302541
8.319625
8.303583
8.304292
8.303167
8.328667
8.350917
8.308542
8.323791
8.323375
8.329042
8.321667
8.322375
8.324583
8.341625
8.339084
8.311417
8.323291
8.331458
8.354375
8.336417
8.314375
8.317250
8.341334
8.310708
8.295708
8.326375
8.328584
8.336833
8.336667
8.334000
8.352833
8.296292
8.325917
8.342791
8.304708
8.336084
8.341458
8.335375
8.343292
8.317625
8.327875
8.345042
8.324041
8.332291
8.341292
8.331125
8.363417
8.327750
8.329833
8.343375
8.334291
8.319666
8.311625
8.329917
8.326875
8.335666
8.340792
8.361333
8.346750
8.325750
8.334625
8.336459
8.343542
8.332708
8.343750
8.325833
8.316709
8.311500
8.331625
8.341000
8.350542
8.351042
8.352333
8.339084
8.340167
8.364083
8.315666
8.349667
8.353208
8.357375
8.435541
8.366083
8.350666
8.332208
8.356584
8.350875
8.327875
8.360500
8.365875
8.348334
8.365292
8.359000
8.381500
8.332125
8.370334
8.369917
8.364541
8.369708
8.383084
8.339250
8.378334
8.353000
8.359333
8.335166
8.333375
8.371250
8.386667
8.348958
8.368292
8.354417
