9.476625
8.384750
8.341791
8.254375
8.296541
8.246625
8.289458
8.232750
8.250792
8.237250
8.275792
8.234834
8.239083
8.243417
8.270916
8.209792
8.233750
8.215958
8.298250
8.236625
8.246292
8.234625
8.237666
8.225042
8.233958
8.227459
8.248500
8.235666
8.241625
8.231750
8.256375
8.235333
8.255708
8.216958
8.258583
8.260917
8.258583
8.229583
8.312833
8.213542
8.260125
8.227584
8.248125
8.223708
8.237583
8.246792
8.241833
8.234375
8.284666
8.259833
8.214542
8.259625
8.245333
8.242042
8.235334
8.221792
8.243500
8.246042
8.249458
8.266500
8.239250
8.269834
8.234709
8.169333
8.217834
8.256250
8.219458
8.234916
8.207333
8.257958
8.229791
8.257750
8.226708
8.257375
8.217833
8.262875
8.244958
8.245750
8.247458
8.242958
8.219625
8.292750
8.247125
8.276500
8.250959
8.283667
8.261542
8.260917
8.281209
8.256792
8.269875
8.243125
8.273000
8.273625
8.282292
8.264042
8.287834
8.294416
8.249959
8.252667
8.252042
8.270291
8.271792
8.266542
8.273584
8.252041
8.284125
8.265750
8.283875
8.273833
8.294917
8.262750
8.272875
8.390542
8.306667
8.259250
8.280250
8.255458
8.292500
8.267792
8.288625
8.253375
8.289083
8.303875
8.287875
8.280167
8.287750
8.288875
8.312584
8.291000
8.285750
8.258667
8.301917
8.270833
8.283875
8.268500
8.240209
8.285625
8.295750
8.285458
8.255834
8.265208
8.307625
8.329708
8.308875
8.250750
8.376000
8.267250
8.291334
8.258792
8.274167
8.278250
8.294333
8.264958
8.275625
8.306083
8.297291
8.289458
8.304791
8.258375
8.290792
8.278541
8.299459
8.254958
8.288042
8.351750
8.300708
8.345625
8.314166
8.293250
8.301250
8.269166
8.295083
8.248041
8.301417
8.275750
8.315917
8.284958
8.313667
8.276125
8.333167
8.292459
8.332041
8.301833
8.354542
8.394542
8.200000
8.176750
8.239041
8.319500
8.401334
8.484542
8.337292
8.364208
8.364417
8.366417
8.478375
8.397792
8.339333
8.372958
8.439125
8.349750
8.317041
8.312291
8.352125
8.314166
8.311208
8.273542
8.325417
8.316458
8.318125
8.285709
8.327291
8.257917
8.308084
8.376875
8.337917
8.329084
8.227875
8.148292
8.144333
8.354667
8.360250
8.327750
8.335750
8.317750
8.327041
8.309959
8.325500
8.310083
8.329750
8.306458
8.332958
8.321708
8.295042
8.309125
8.329083
8.343167
8.324416
8.306625
8.335666
8.316958
8.348542
8.321375
8.329834
8.309958
8.324000
8.290542
8.337958
8.292000
8.324334
8.303042
8.347417
8.296833
8.356959
8.297667
8.991708
8.399667
8.339791
8.306834
8.328917
8.304875
8.342000
8.322500
8.320834
8.316750
8.336625
8.298000
8.319042
8.291791
8.341667
8.275625
8.335625
8.293458
8.356542
8.281584
8.354042
8.303584
8.341958
8.295292
8.341625
8.304167
8.320458
8.310083
8.338708
8.291792
8.340958
8.307666
8.354208
8.307833
8.352708
8.302917
8.336083
8.322500
8.334542
8.316250
8.333833
8.304417
8.365042
8.312042
8.363000
8.310250
8.358875
8.294042
8.324333
8.326125
8.365500
8.353959
8.333000
8.290667
8.353333
8.323166
8.342000
8.301459
8.356292
8.295833
8.332125
8.319833
8.352000
8.310708
8.339167
8.324833
8.350583
8.314625
8.357583
8.303917
8.368542
8.325042
8.356584
8.329250
8.352709
8.304125
8.351625
8.310125
8.349500
8.305833
8.367875
8.306958
8.353875
8.331500
8.386542
8.322416
8.328750
8.337458
8.339750
8.329167
8.333416
8.314583
8.344542
8.345750
8.350417
8.310000
8.351625
8.359958
8.359083
8.355250
8.363792
8.337458
8.341625
8.361542
8.369375
8.324333
8.371834
8.355375
8.375083
8.349500
8.366584
8.373500
8.371166
8.355208
8.367666
8.341958
8.364125
8.367708
8.378042
8.338500
8.376584
8.346375
8.361542
8.358875
8.357083
8.367667
8.369459
8.346083
8.361916
8.339833
8.369084
8.319958
8.366125
8.356209
8.376084
8.331750
8.363958
8.351500
8.351708
8.348042
8.368416
8.362125
8.386375
8.343875
