9.329292
8.250084
8.195125
8.162000
8.164625
8.182167
8.121042
8.118792
8.135209
8.187208
8.160834
8.100167
8.162000
8.092500
8.173208
8.115125
8.158333
8.137125
8.160416
8.124166
8.153125
8.088959
8.129250
8.134500
8.149209
8.089250
8.167750
8.109000
8.122792
8.149666
8.132375
8.101916
8.132000
8.105042
8.180417
8.103791
8.148334
8.119459
8.092958
8.148708
8.099083
8.099875
8.138875
8.132333
8.117500
8.112292
8.104750
8.103500
8.115375
8.094500
8.115458
8.117209
8.108416
8.138250
8.103084
8.118375
8.109875
8.125041
8.150208
8.144875
8.135792
8.114792
8.093875
8.094750
8.118625
8.114125
8.113917
8.121375
8.106833
8.150458
8.111166
8.138250
8.136709
8.146834
8.157167
8.211000
8.211292
8.330917
8.192375
8.179083
8.128792
8.149291
8.147708
8.165666
8.167375
8.123625
8.147042
8.131833
8.142625
8.116583
8.158166
8.159833
8.166625
8.147375
8.146500
8.151709
8.177542
8.155625
8.174875
8.162833
8.197208
8.133959
8.161917
8.154500
8.199500
8.136209
8.172791
8.171917
8.285750
8.280792
8.296667
8.139917
8.170917
8.109250
8.178209
8.149833
8.148583
8.140833
8.174583
8.155375
8.169625
8.143417
8.181000
8.170041
8.188958
8.149333
8.191958
8.149375
8.150917
8.188833
8.165250
8.137333
8.163208
8.133958
8.153500
8.164666
8.146958
8.141667
8.256292
8.230542
8.304917
8.176833
8.154500
8.207167
8.147208
8.175042
8.137959
8.192333
8.133917
8.208041
8.157167
8.257209
8.161125
8.277292
8.152541
8.196208
8.173125
8.238042
8.152500
8.188625
8.162916
8.191583
8.170583
8.204458
8.158416
8.170250
8.173708
8.175333
8.181250
8.184958
8.153417
8.185458
8.158750
8.202041
8.183042
8.169625
8.165875
8.257500
8.153875
8.166125
8.167500
8.199541
8.195375
8.168791
8.170208
8.222875
8.191666
8.161500
8.169417
8.176833
8.167167
8.162167
8.205125
8.156709
8.226791
8.172334
8.161375
8.176000
8.222583
8.173583
8.193958
8.183750
8.220000
8.236500
8.205667
8.157667
8.242917
8.202000
8.206375
8.178708
8.324959
8.171792
8.210417
8.173250
8.225458
8.163875
8.221583
8.189292
8.228750
8.183792
8.220084
8.180291
8.209083
8.146292
8.209042
8.176834
8.235000
8.209500
8.229459
8.173000
8.239708
8.224667
8.211625
8.170834
8.229334
8.228208
8.188625
8.164875
8.229375
8.185542
8.202833
8.189083
8.218958
8.183750
8.209500
8.187458
8.157625
8.195250
8.179166
8.212292
8.201875
8.166709
8.189083
8.199083
8.208417
8.186292
8.909833
8.280792
8.208750
8.225208
8.194667
8.218667
8.217917
8.203750
8.212458
8.223167
8.254958
8.234667
8.223291
8.211291
8.175292
8.202000
8.195250
8.233583
8.163834
8.275750
8.190542
8.266125
8.198334
8.279250
8.258041
8.267958
8.188500
8.330084
8.211875
8.235958
8.217875
8.276667
8.216750
8.223583
8.180667
8.211959
8.184667
8.204208
8.210458
8.204291
8.196084
8.218875
8.216250
8.184959
8.207292
8.246791
8.203458
8.263875
8.231333
8.210750
8.196458
8.218500
8.213750
8.258833
8.238417
8.218291
8.209250
8.217541
8.228541
8.213917
8.230375
8.244125
8.222666
8.263542
8.206000
8.251792
8.203208
8.230416
8.278916
8.236083
8.205041
8.201875
8.240250
8.271500
8.232625
8.200833
8.196708
8.231875
8.220333
8.256125
8.225250
8.240417
8.206959
8.246583
8.225958
8.223208
8.212208
8.234125
8.240084
8.212208
8.242833
8.229833
8.260083
8.247042
8.245958
8.345875
8.356958
8.295583
8.315625
8.305125
8.327083
8.362208
8.350958
8.307375
8.354333
8.326375
8.332875
8.324291
8.347958
8.340166
8.343875
8.315000
8.331792
8.352250
8.332375
8.334667
8.349417
8.310375
8.352375
8.308500
8.321833
8.328833
8.340250
8.324542
8.377792
8.329500
8.341167
8.366750
8.336583
8.335792
8.369208
8.310042
8.359375
8.338916
8.355791
8.333500
8.364625
8.311708
8.359875
8.336291
8.355875
8.340792
8.347375
8.327833
