9.399209
8.258166
8.203083
8.136875
8.259875
8.131042
8.183917
8.130375
8.179750
8.124333
8.139750
8.158750
8.156167
8.119458
8.128666
8.145125
8.161750
8.125792
8.160875
8.117792
8.159750
8.140083
8.150583
8.129291
8.144500
8.122625
8.150917
8.126666
8.101917
8.123959
8.146333
8.145084
8.138500
8.187667
8.148958
8.150875
8.128583
8.165500
8.131083
8.132666
8.102250
8.155041
8.107542
8.157958
8.114084
8.167000
8.136541
8.161958
8.096000
8.178916
8.124375
8.179000
8.142041
8.139292
8.142084
8.173625
8.115417
8.173167
8.161375
8.168083
8.120500
8.157083
8.151541
8.267500
8.127916
8.195834
8.131166
8.160125
8.131458
8.182375
8.132958
8.167791
8.145916
8.130416
8.121625
8.162625
8.114291
8.165208
8.160208
8.132500
8.143458
8.143875
8.160792
8.170875
8.204584
8.297542
8.203375
8.126500
8.144875
8.139750
8.140792
8.121084
8.139125
8.151250
8.172333
8.150625
8.169417
8.137958
8.167459
8.134875
8.178292
8.162375
8.174417
8.174166
8.146209
8.146500
8.148792
8.178541
8.167875
8.158459
8.146417
8.153500
8.146792
8.151500
8.182041
8.216666
8.270375
8.344875
8.212250
8.131458
8.176167
8.197334
8.170042
8.161750
8.160333
8.167291
8.178250
8.154667
8.158041
8.201167
8.152916
8.159084
8.188667
8.157500
8.179167
8.148625
8.166875
8.186416
8.171833
8.188125
8.166291
8.184875
8.164958
8.213125
8.162917
8.233041
8.260291
8.237250
8.155083
8.301958
8.174375
8.218541
8.141500
8.200083
8.170458
8.239250
8.184833
8.187375
8.170666
8.188208
8.142459
8.262250
8.192000
8.192166
8.173791
8.201708
8.232125
8.212875
8.165125
8.218250
8.166667
8.207209
8.157250
8.231333
8.163375
8.202166
8.173375
8.226083
8.179167
8.185042
8.215000
8.197958
8.184500
8.186334
8.216083
8.201125
8.177834
8.208208
8.201542
8.197250
8.158875
8.185167
8.198042
8.170334
8.207708
8.213917
8.191250
8.249417
8.202958
8.221375
8.200042
8.170000
8.221292
8.193875
8.242792
8.200000
8.221250
8.168875
8.247208
8.236209
8.202916
8.167459
8.162333
8.187625
8.202458
8.201250
8.191833
8.169667
8.173167
8.168000
8.210458
8.178041
8.212958
8.191875
8.187292
8.180417
8.181583
8.197333
8.204458
8.195583
8.209584
8.233542
8.208834
8.165250
8.204375
8.203833
8.240042
8.211041
8.208708
8.239292
8.210250
8.202833
8.256500
8.180917
8.229541
8.200083
8.209125
8.224916
8.213166
8.206625
8.247750
8.188917
8.233750
8.235500
8.255458
8.223500
8.889125
8.276708
8.210250
8.199291
8.203750
8.250084
8.205583
8.220875
8.206625
8.237916
8.179375
8.202750
8.231250
8.269250
8.241875
8.212250
8.225500
8.242458
8.220500
8.225000
8.186333
8.260750
8.180417
8.234250
8.197042
8.276292
8.200375
8.243750
8.264083
8.270666
8.212042
8.300333
8.246291
8.252417
8.204959
8.241000
8.208833
8.268375
8.262875
8.267917
8.207959
8.246500
8.260458
8.259042
8.223709
8.246709
8.252958
8.259583
8.242792
8.271667
8.245000
8.259958
8.233500
8.256500
8.229084
8.265250
8.192084
8.230417
8.229875
8.274834
8.281916
8.235459
8.236250
8.265250
8.211541
8.275875
8.215792
8.255125
8.220000
8.287250
8.260792
8.263125
8.221416
8.257625
8.246375
8.239458
8.217916
8.272208
8.240541
8.242875
8.240208
8.265417
8.238541
8.253959
8.230167
8.240500
8.247000
8.250917
8.252625
8.260833
8.269458
8.255833
8.186250
8.268750
8.233792
8.232417
8.240542
8.241292
8.240000
8.251750
8.276625
8.244833
8.267792
8.240917
8.237125
8.284625
8.365167
8.307541
8.364833
8.295916
8.358500
8.284666
8.349167
8.304250
8.353000
8.298750
8.359125
8.304167
8.351458
8.323375
8.361417
8.313875
8.347541
8.309458
8.362750
8.282083
8.347542
8.298750
8.390792
8.341083
8.364208
8.353916
8.391583
8.305541
8.390125
8.315916
8.345000
8.339167
8.370916
8.309417
8.369208
8.317875
8.377041
8.296958
