9.377708
8.309542
8.216292
8.229833
8.379708
8.259833
8.257875
8.297125
8.242916
8.204583
8.264042
8.203333
8.280708
8.225917
8.258708
8.214833
8.266334
8.221542
8.245041
8.236083
8.248041
8.213625
8.251083
8.245708
8.233416
8.244333
8.224583
8.230792
8.248292
8.244250
8.259250
8.251875
8.292084
8.231625
8.250084
8.251250
8.261375
8.233792
8.276667
8.237917
8.248708
8.251250
8.247083
8.233041
8.283459
8.236417
8.267542
8.246875
8.240042
8.266667
8.255167
8.222833
8.229750
8.318041
8.266125
8.241167
8.249250
8.252917
8.240584
8.254958
8.238125
8.239000
8.309083
8.271250
8.244916
8.262083
8.235333
8.261500
8.240542
8.244875
8.253416
8.266125
8.261541
8.240250
8.277583
8.254084
8.216583
8.238667
8.250208
8.241750
8.236292
8.275541
8.236375
8.253916
8.238916
8.268541
8.228875
8.256542
8.234542
8.284667
8.250750
8.234875
8.224708
8.248750
8.360416
8.292750
8.285583
8.276958
8.234041
8.249459
8.253333
8.251542
8.266750
8.223000
8.219209
8.277584
8.240292
8.283167
8.225250
8.257958
8.229208
8.304042
8.232000
8.292916
8.246250
8.253709
8.305916
8.276208
8.242625
8.269584
8.274250
8.256209
8.259000
8.194084
8.257833
8.323334
8.386375
8.305625
8.242875
8.255667
8.245542
8.263542
8.264500
8.315917
8.260625
8.289875
8.287333
8.295334
8.285458
8.299917
8.364916
8.255833
8.386875
8.264000
8.275416
8.257500
8.288709
8.251542
8.270917
8.301583
8.290250
8.261416
8.283167
8.276041
8.291459
8.295667
8.272500
8.284292
8.294750
8.306125
8.299666
8.283625
8.302750
8.277042
8.284542
8.306500
8.304167
8.300125
8.287208
8.289292
8.301542
8.299792
8.287666
8.298125
8.324500
8.282333
8.301541
8.289125
8.309083
8.266792
8.289958
8.263666
8.280833
8.281834
8.300417
8.252542
8.297208
8.312625
8.306209
8.299292
8.298417
8.295666
8.291042
8.306000
8.295583
8.301375
8.306375
8.298750
8.315875
8.311917
8.317417
8.296958
8.310708
8.307292
8.329292
8.288834
8.304541
8.324708
8.314041
8.299667
8.324000
8.297208
8.312875
8.302291
8.299125
8.290375
8.325958
8.299917
8.312041
8.290542
8.316750
8.308625
8.328042
8.311917
8.256250
8.267417
8.331791
8.314125
8.336542
8.280083
8.302083
8.313083
8.346417
8.293334
8.333833
8.307583
8.330708
8.297458
8.320208
8.299250
8.303500
8.302458
8.313417
8.300208
8.330834
8.320958
8.313209
8.296708
8.333209
8.301792
8.366167
8.334542
8.336125
8.338084
8.318000
8.302792
8.904417
8.367042
8.324375
8.334208
8.317250
8.303875
8.315500
8.298667
8.306750
8.309834
8.339416
8.301208
8.338416
8.289709
8.330291
8.312250
8.347875
8.306250
8.337000
8.313584
8.290791
8.298875
8.320417
8.305833
8.301625
8.308875
8.312541
8.311708
8.323459
8.314916
8.339291
8.319834
8.350291
8.320792
8.339458
8.288459
8.325708
8.324000
8.338666
8.332042
8.340291
8.300958
8.338791
8.328000
8.330542
8.293167
8.337292
8.319167
8.337125
8.342250
8.317333
8.304916
8.349666
8.316958
8.353250
8.379209
8.356250
8.315209
8.352667
8.308375
8.357875
8.328459
8.348459
8.325750
8.344542
8.314417
8.353750
8.325375
8.352000
8.330417
8.346083
8.316125
8.342375
8.335333
8.328708
8.325250
8.373917
8.311208
8.363875
8.340333
8.344625
8.308000
8.339334
8.315959
8.343542
8.323167
8.323916
8.306875
8.298416
8.361334
8.349042
8.336375
8.345375
8.314917
8.376000
8.308542
8.358417
8.327417
8.356042
8.335125
8.366791
8.309083
8.332833
8.329000
8.367333
8.337750
8.366500
8.342834
8.343417
8.341208
8.357792
8.337208
8.348417
8.373375
8.381084
8.365500
8.353500
8.342791
8.367875
8.345708
8.357250
8.345208
8.366625
8.355750
8.365291
8.325250
8.368750
8.328250
8.363250
8.356459
8.353250
8.350042
8.358417
8.376833
8.378583
8.334000
8.368708
8.345083
8.374166
8.408041
8.372833
8.353709
8.380541
8.334250
