18.477916
8.469542
8.290459
8.380875
8.342792
8.365916
8.480833
8.688000
8.585291
8.484958
8.429708
8.435875
8.698542
8.506917
8.300208
8.240625
8.180250
8.192416
8.139375
8.170500
8.172875
8.172542
8.102292
8.192125
8.095333
8.109833
8.069167
8.120708
8.088750
8.112500
8.087250
8.106000
8.068333
8.123750
8.067291
8.086458
8.100708
8.107792
8.070041
8.098375
8.071416
8.098792
8.101167
8.105125
8.116958
8.106625
8.092417
8.125125
8.095209
8.070917
8.071833
8.070750
8.086042
8.174917
8.098583
8.056708
8.070416
8.066834
8.055291
8.085625
8.127458
8.079834
8.100583
8.066458
8.078875
8.059167
8.069959
8.074375
8.066000
8.059875
8.057041
8.047542
8.090917
8.069375
8.066583
8.052250
8.095250
8.063333
8.088792
8.103334
8.117083
8.091250
8.095542
8.076000
8.057500
8.207458
9.028458
8.359584
8.165625
8.461958
8.602834
8.521167
8.262250
8.585917
8.146417
8.407708
8.135792
8.383417
8.127333
8.305542
8.125333
8.268084
8.132333
8.289875
8.124375
8.262083
8.147041
8.279000
8.223750
8.289375
8.164292
8.324750
8.181500
8.294000
8.163250
8.288875
8.173291
8.282000
8.174542
8.325167
8.170417
8.311625
8.239834
8.372667
8.354459
8.332583
8.191375
8.259958
8.295250
8.326417
8.233750
8.390792
8.219084
8.312625
8.266625
8.431916
8.269542
8.299291
8.297125
8.345583
8.280625
8.308334
8.292959
8.314792
8.262584
8.282084
8.285625
8.352417
8.245291
8.332500
8.271208
8.353084
8.312209
8.364750
8.267375
8.341416
8.249167
8.378750
8.290709
8.388083
8.318334
8.436000
8.309042
8.386791
8.316458
8.396292
8.271584
8.344292
8.296834
8.371125
8.306084
8.352333
8.277291
8.402500
8.277417
8.385917
8.347792
8.408166
8.295834
8.379292
8.317708
8.367500
8.275584
8.355917
8.297417
8.381708
8.307750
8.422667
8.395458
8.517333
8.348125
8.403667
8.296125
8.328500
8.242000
8.368334
8.359542
8.512791
8.451459
8.555209
8.436500
8.606666
8.438542
8.590667
8.489667
8.643209
8.392167
8.468584
8.257875
8.418041
8.325625
8.404084
8.441042
8.607042
8.442709
8.556375
8.525541
8.609834
8.460542
8.575583
8.474334
8.623500
8.481500
8.644208
8.496250
8.670708
8.620875
8.426584
8.474541
8.370125
8.541625
8.293625
8.431667
8.326916
8.394500
8.337917
8.370167
8.316084
8.404875
8.330667
8.408917
8.344209
8.361084
8.313792
8.494958
8.364042
8.400292
8.348041
8.383375
8.341334
8.373167
8.330917
8.487375
8.328583
8.453792
8.371583
9.148208
8.361375
8.426708
8.311208
8.377125
8.292000
8.404375
8.285208
8.422000
8.341292
8.460417
8.414334
8.590792
8.429041
8.569459
8.368500
8.419167
8.361375
8.417042
8.322125
8.412750
8.325375
8.417416
8.334292
8.442125
8.298542
8.439875
8.307750
8.562750
8.459084
8.574958
8.420916
8.521000
8.245667
8.355458
8.335250
8.531250
8.332000
8.457583
8.344000
8.462208
8.329333
8.431875
8.326792
8.420416
8.288250
8.439917
8.329500
8.421041
8.306375
8.424791
8.346625
8.426959
8.315334
8.431667
8.299500
8.489000
8.298125
8.455750
8.311750
8.487625
8.371917
8.430708
8.327583
8.452916
8.310375
8.416541
8.381750
8.384958
8.345958
8.288792
8.288125
8.285750
8.299875
8.280333
8.340583
8.286917
8.282833
8.300500
8.304083
8.316958
8.374208
8.275125
8.288750
8.310750
8.356000
8.315333
8.308667
8.318417
8.315250
8.283583
8.310166
8.290916
8.323917
8.328209
8.250875
8.326333
8.313625
8.340625
8.323292
8.338000
8.291041
8.333833
8.318375
8.316334
8.271459
8.339208
8.297208
8.326541
8.307625
8.331042
8.325334
8.331917
8.345333
8.300834
8.293708
8.332958
8.288750
8.338709
8.321625
8.319792
8.293750
8.358084
8.301500
8.316000
8.337250
8.330333
8.312916
8.346875
8.284583
8.326958
8.290333
8.354792
8.330042
8.328292
8.310000
8.339959
8.327917
8.338375
8.288875
8.350208
8.298583
8.373583
8.278625
