9.396917
8.412416
8.310875
8.240000
8.281333
8.217583
8.256542
8.196167
8.264584
8.204750
8.246375
8.218250
8.262500
8.232708
8.252708
8.265750
8.260958
8.201250
8.247917
8.225417
8.265416
8.244583
8.276417
8.229667
8.274791
8.223333
8.268250
8.243458
8.266417
8.247750
8.365458
8.235667
8.279542
8.261292
8.246042
8.232167
8.275875
8.258292
8.266625
8.250709
8.238625
8.252333
8.239500
8.233375
8.277625
8.264417
8.253791
8.232042
8.246375
8.250417
8.254958
8.252208
8.248959
8.255666
8.255375
8.259792
8.235125
8.251792
8.268167
8.249708
8.257250
8.239500
8.258250
8.247792
8.273166
8.243625
8.315250
8.219834
8.256750
8.262250
8.271917
8.262167
8.255125
8.254541
8.276875
8.213000
8.359416
8.290417
8.262834
8.274125
8.302208
8.265875
8.257292
8.277958
8.246375
8.275041
8.266792
8.253333
8.245750
8.247375
8.249125
8.254250
8.288208
8.276625
8.248209
8.270917
8.245958
8.273709
8.233250
8.267875
8.234541
8.264834
8.241500
8.271791
8.238875
8.236917
8.250208
8.367208
8.280834
8.291708
8.232834
8.289250
8.238333
8.275417
8.268291
8.264959
8.236167
8.289875
8.199750
8.290500
8.221250
8.295583
8.259792
8.273167
8.249667
8.268875
8.228583
8.246000
8.271000
8.282041
8.298541
8.318875
8.305916
8.315125
8.280458
8.291042
8.294292
8.327542
8.309875
8.313250
8.252625
8.294250
8.268667
8.269500
8.289709
8.283666
8.294667
8.286666
8.281542
8.286417
8.300583
8.308916
8.313792
8.341750
8.314875
8.292041
8.324625
8.292167
8.392209
8.272292
8.367792
8.300417
8.353292
8.284209
8.289000
8.302917
8.297875
8.338958
8.304250
8.350167
8.311125
8.362833
8.313417
8.362167
8.312459
8.325792
8.305208
8.385209
8.318834
8.346375
8.311292
8.319292
8.308667
8.362792
8.303000
8.398375
8.306625
8.451833
8.403208
8.360750
8.346500
8.332250
8.360292
8.308875
8.295000
8.315500
8.343333
8.335708
8.322083
8.306542
8.365125
8.307042
8.346583
8.328334
8.334625
8.326292
8.347375
8.322209
8.356834
8.348916
8.363916
8.339250
8.332459
8.331625
8.339583
8.338084
8.314750
8.318958
8.320750
8.302750
8.334208
8.302166
8.463958
8.340167
8.306042
8.312166
8.323209
8.287583
8.320917
8.327042
8.442917
8.350000
8.308583
8.322708
8.313625
8.343125
8.326667
8.333208
8.310208
8.358166
8.350000
8.345416
8.315250
8.324708
8.328792
8.328292
8.254417
8.341750
8.316958
8.335959
8.367375
8.335208
8.388417
8.339542
8.338542
8.328958
8.966917
8.376666
8.370250
8.388041
8.336666
8.332666
8.309500
8.320333
8.350958
8.354375
8.329833
8.307167
8.328500
8.319625
8.332708
8.329666
8.345834
8.378166
8.356750
8.327042
8.303542
8.319750
8.329042
8.355291
8.308917
8.316333
8.332084
8.304875
8.325917
8.296292
8.329083
8.309459
8.319667
8.316042
8.339584
8.321000
8.345417
8.296083
8.337459
8.313000
8.327000
8.326750
8.367167
8.303416
8.343917
8.334041
8.322584
8.302458
8.360750
8.315584
8.327792
8.401250
8.354209
8.346958
8.351417
8.317750
8.375667
8.331792
8.364667
8.385959
8.309625
8.333750
8.333625
8.324583
8.347250
8.389375
8.360625
8.350000
8.424750
8.352042
8.351333
8.360333
8.335833
8.347458
8.341583
8.333875
8.337125
8.341833
8.320000
8.343792
8.326250
8.348334
8.351083
8.350125
8.333375
8.362375
8.315250
8.346833
8.330791
8.358208
8.359500
8.361250
8.327208
8.355166
8.336417
8.350000
8.317792
8.336833
8.346917
8.361500
8.319916
8.350250
8.317417
8.355583
8.331500
8.356250
8.346708
8.334750
8.325709
8.357166
8.311834
8.344208
8.322541
8.339000
8.348167
8.344417
8.334208
8.357917
8.344958
8.372750
8.323250
8.374958
8.361458
8.369250
8.315875
8.360625
8.322459
8.374209
8.327500
8.357167
8.320209
8.355917
8.338375
8.368500
8.327958
8.370250
8.337584
8.372292
8.372917
8.365167
8.352458
8.355709
8.334167
8.358834
