13.044708
10.234833
10.109292
9.864500
10.157334
9.969583
9.985208
9.922750
9.970125
9.922958
9.909833
9.887917
9.894333
9.836792
9.894334
9.896459
9.870041
9.866709
10.001667
9.860458
9.886792
9.984375
9.859792
9.911750
9.906542
9.834042
9.869333
9.928334
9.829584
9.863167
9.801334
9.899208
9.874250
9.890041
9.839375
9.941750
9.955083
9.918958
9.905208
9.859625
9.932375
9.944291
9.886834
9.911583
9.893584
9.889667
9.922500
9.863292
9.969583
9.911833
9.906458
9.860542
9.861834
10.046459
9.909542
9.918791
9.869000
9.871791
9.930750
9.839458
9.866083
9.873792
9.865083
9.861708
9.846500
9.859834
9.839417
9.880084
9.893292
9.822458
9.972875
9.854709
9.945792
9.977542
9.888000
9.852334
9.874625
9.868834
9.840333
10.080250
9.938416
9.879750
9.940834
9.907042
9.869292
9.939000
9.914875
9.886209
9.905125
9.797208
10.560625
9.963167
9.798084
10.093167
10.250541
9.905459
10.014292
10.060542
9.878667
10.057625
9.999167
9.941250
10.126875
9.895916
10.335500
10.056500
9.940959
10.036167
9.923666
9.936375
9.989250
9.985500
9.990917
9.940666
10.122291
10.079917
9.878458
10.078625
9.948208
10.023708
9.989125
9.934500
10.092125
9.947584
10.002625
9.890041
10.080000
10.088292
9.907083
10.048208
10.034792
9.966667
10.293875
9.942791
9.995667
9.995459
9.859875
9.980250
9.894666
9.951250
9.942917
9.993125
10.069125
9.870958
10.073500
9.923334
9.877541
10.014500
9.856209
9.940417
10.007250
10.064333
10.026291
9.875000
9.931958
9.950458
9.940459
9.908458
9.935000
9.944667
9.909250
9.947917
9.959917
9.844041
9.954709
9.892750
10.118750
9.936666
9.929042
9.948708
9.807291
9.964250
9.999833
9.975792
10.034542
9.945833
9.955958
9.960125
9.911458
9.975625
9.944333
9.971584
10.089459
9.892250
10.069875
10.066916
9.950333
10.113750
9.885708
10.090084
9.888292
9.975125
10.184625
9.944083
10.017375
10.010250
9.995959
10.073709
9.950833
10.070500
