9.374542
8.368834
8.206167
8.249666
8.221125
8.265125
8.186000
8.284833
8.184458
8.340958
8.216667
8.366958
8.236459
8.288459
8.198208
8.348208
8.205458
8.334666
8.240666
8.299167
8.231917
8.382625
8.240292
8.232333
8.241500
8.240958
8.242417
8.203042
8.349083
8.186916
8.297583
8.184166
8.270791
8.200750
8.304500
8.209459
8.283750
8.205375
8.262750
8.209750
8.324750
8.255250
8.293542
8.194500
8.285500
8.249500
8.237750
8.193500
8.216083
8.167666
8.226709
8.149041
8.201875
8.176459
8.255166
8.164292
8.209542
8.146416
8.226917
8.166875
8.229542
8.187791
8.228125
8.171208
8.194042
8.172666
8.203292
8.178583
8.193375
8.162500
8.180167
8.196791
8.187917
8.159500
8.186292
8.148000
8.176750
8.168625
8.300292
8.211709
8.278750
8.167250
8.203667
8.173584
8.166917
8.177709
8.167208
8.149208
8.191666
8.202333
8.178000
8.168542
8.166083
8.162458
8.188209
8.231750
8.169375
8.180708
8.188000
8.166083
8.175167
8.228750
8.161042
8.217041
8.173041
8.199250
8.166958
8.232583
8.147333
8.292208
8.374750
8.231959
8.171000
8.235333
8.173792
8.242541
8.176541
8.221875
8.197625
8.229583
8.206541
8.203583
8.182750
8.230083
8.164000
8.200292
8.168292
8.207916
8.198000
8.210125
8.174667
8.206708
8.185875
8.210416
8.182417
8.219417
8.190750
8.220042
8.162917
8.301625
8.303917
8.211334
8.194709
8.212750
8.182250
8.187875
8.179583
8.188875
8.176417
8.187166
8.172583
8.159666
8.165333
8.194292
8.195041
8.182708
8.166750
8.190333
8.201292
8.182000
8.191750
8.206084
8.175500
8.174542
8.194750
8.181917
8.202417
8.189417
8.210500
8.246750
8.277334
8.227000
8.243250
8.214083
8.226625
8.202750
8.230708
8.189000
8.278291
8.188792
8.204083
8.191917
8.250083
8.172917
8.182916
8.191333
8.214625
8.173375
8.225041
8.215542
8.240084
8.246750
8.247542
8.202500
8.211250
8.246584
8.219417
8.200500
8.254458
8.206916
8.271208
8.222500
8.306708
8.222875
8.233459
8.175458
8.223167
8.195166
8.237917
8.216625
8.223416
8.207958
8.199334
8.204917
8.234000
8.212083
8.212042
8.206500
8.204625
8.210459
8.210333
8.216750
8.229458
8.215208
8.198125
8.208583
8.219958
8.205667
8.191375
8.216125
8.198333
8.248000
8.233666
8.207917
8.241375
8.237000
8.235833
8.246750
8.290125
8.239917
8.199250
8.257375
8.203083
8.233709
8.220917
8.279167
8.197791
8.238208
8.188791
8.254250
8.215083
8.242333
8.214750
8.263208
8.204750
8.279125
8.889458
8.320041
8.248917
8.233041
8.205250
8.267708
8.178667
8.270208
8.187959
8.243625
8.207292
8.202125
8.202750
8.208541
8.215583
8.205541
8.207917
8.212000
8.213083
8.232334
8.202000
8.234667
8.204667
8.228000
8.185042
8.221334
8.210459
8.215834
8.207291
8.199708
8.217291
8.212750
8.230000
8.222250
8.222000
8.274875
8.234916
8.329083
8.228542
8.241083
8.246000
8.242667
8.253708
8.229875
8.234875
8.258333
8.249375
8.250542
8.251917
8.253166
8.240417
8.239417
8.227333
8.248667
8.243750
8.246417
8.214792
8.238833
8.241583
8.209708
8.222959
8.208000
8.256834
8.245500
8.254875
8.250959
8.234209
8.231584
8.251416
8.226833
8.245167
8.222917
8.283875
8.256291
8.216750
8.218250
8.244042
8.249375
8.271375
8.227750
8.271000
8.229458
8.258750
8.198125
8.284708
8.225125
8.266000
8.356583
8.272083
8.290750
8.282541
8.220833
8.315375
8.208833
8.273541
8.213709
8.256417
8.232875
8.261042
8.251083
8.264042
8.244959
8.286417
8.235083
8.292625
8.256125
8.249042
8.240792
8.297125
8.231917
8.278375
8.256000
8.262542
8.260000
8.285416
8.258500
8.265042
8.245958
8.284375
8.226916
8.267833
8.263583
8.270875
8.236917
8.267000
8.247000
8.240500
8.237209
8.272375
8.226083
8.251541
8.223000
8.228000
8.229541
8.291167
8.252291
8.226042
8.230000
8.266625
8.251833
8.236334
8.251917
8.240875
8.233417
