9.419834
8.473167
8.373792
8.346250
8.311417
8.319833
8.323375
8.310916
8.351750
8.306209
8.306792
8.291875
8.282875
8.306375
8.295333
8.304583
8.284417
8.290458
8.285583
8.295375
8.267542
8.295084
8.286625
8.289917
8.264625
8.307375
8.266375
8.274541
8.253458
8.278000
8.278125
8.328125
8.271208
8.298833
8.282709
8.312541
8.296667
8.303084
8.266833
8.317583
8.269083
8.305791
8.269333
8.295625
8.276625
8.318083
8.281833
8.347708
8.281333
8.319458
8.287125
8.311000
8.300083
8.319291
8.301500
8.314750
8.295458
8.327459
8.323958
8.299250
8.371125
8.308708
8.319042
8.291458
8.319041
8.325791
8.301083
8.320458
8.327042
8.324833
8.326500
8.323375
8.247500
8.293791
8.295750
8.311583
8.327416
8.303208
8.335208
8.325959
8.315000
8.333167
8.324417
8.330792
8.341333
8.297708
8.341542
8.306167
8.308791
8.282667
8.319500
8.407416
8.341875
8.327625
8.319375
8.314166
8.340708
8.254542
8.243583
8.266875
8.306042
8.346625
8.332375
8.280042
8.269125
8.288667
8.317584
8.312500
8.362833
8.274458
8.275750
8.229083
8.316375
8.279708
8.277125
8.387667
8.319042
8.322791
8.335208
8.370792
8.325417
8.303042
8.371292
8.274834
8.207750
8.268709
8.220250
8.254750
8.247000
8.210292
8.212083
8.261667
8.266625
8.270625
8.218167
8.410375
8.313792
8.251000
8.204250
8.188416
8.145791
8.174041
8.125250
8.136750
8.126416
8.140208
8.132541
8.130417
8.120000
8.119709
8.153917
8.181208
8.124333
8.139667
8.118708
8.115708
8.154875
8.186042
8.138000
8.124750
8.111125
8.128291
8.117416
8.120625
8.117167
8.118000
8.126666
8.120125
8.104625
8.142875
8.149792
8.111791
8.112750
8.102125
8.128958
8.098500
8.212083
8.134000
8.155500
8.104875
8.159833
8.095166
8.139250
8.095375
8.134875
8.109041
8.149542
8.120667
8.150750
8.112333
8.142041
8.113542
8.124667
8.101458
8.128708
8.110541
8.176667
8.168667
8.160417
8.113959
8.133333
8.123250
8.125333
8.115208
8.132666
8.117917
8.114041
8.130041
8.137709
8.188958
8.150500
8.135833
8.102916
8.114292
8.111333
8.133292
8.100375
8.159792
8.111083
8.155875
8.095833
8.134625
8.097458
8.139417
8.115125
8.137542
8.108625
8.127209
8.104458
8.146250
8.118625
8.123000
8.143584
8.118833
8.124375
8.168750
8.124125
8.146792
8.124375
8.127375
8.132625
8.129958
8.201334
8.349334
8.334875
8.336458
8.264875
8.282542
8.293125
8.316125
8.194209
8.154458
8.170833
8.187041
8.205375
8.187416
8.948500
8.302750
8.282916
8.309875
8.231167
8.279458
8.253125
8.254083
8.244875
8.272042
8.242583
8.249208
8.268208
8.257333
8.256000
8.254875
8.245667
8.259958
8.251875
8.215084
8.244292
8.266750
8.266334
8.216916
8.273625
8.257917
8.300166
8.255667
8.291417
8.266416
8.279667
8.243875
8.292750
8.252416
8.283542
8.246500
8.312583
8.263958
8.318125
8.314042
8.324750
8.332083
8.322792
8.343875
8.370041
8.297042
8.302750
8.357084
8.332792
8.336291
8.321250
8.341875
8.305875
8.374292
8.317875
8.330375
8.313125
8.341458
8.303417
8.288958
8.277667
8.278000
8.391875
8.252375
8.382542
8.264000
8.391375
8.266667
8.307125
8.273042
8.300250
8.259000
8.330292
8.288417
8.303375
8.282750
8.289583
8.248750
8.323500
8.257917
8.321250
8.253917
8.298041
8.271375
8.305625
8.250334
8.313875
8.273708
8.252625
8.273291
8.286542
8.250416
8.326375
8.259750
8.272500
8.240250
8.272125
8.270625
8.276709
8.280250
8.274500
8.267792
8.275583
8.237416
8.288667
8.255875
8.311666
8.252375
8.305334
8.354834
8.296333
8.279500
8.256875
8.284000
8.263541
8.358958
8.293667
8.278334
8.279625
8.266625
8.322041
8.317417
8.309125
8.299375
8.317125
8.271125
8.365125
8.278750
8.315416
8.306625
8.305583
8.316291
8.332083
8.298208
8.340334
8.275458
8.294791
8.305375
8.330958
8.300916
8.348625
8.281708
8.320791
8.274875
