11.695458
9.956959
9.911500
9.874958
9.834167
9.867042
9.915000
9.807000
9.772833
9.779084
9.756375
9.756625
9.780208
9.754791
9.725250
9.771333
9.756041
9.759417
9.758542
9.739875
9.804708
9.776459
9.725875
9.740500
9.759917
9.733958
9.728750
9.697584
9.732750
9.761958
9.773125
9.729250
9.810625
9.778500
9.796459
9.735917
9.731000
9.756166
9.728167
9.787916
9.751500
9.804458
9.776084
9.782458
9.780500
9.788833
9.788875
9.788209
9.775792
9.827000
9.757375
9.878000
9.786833
9.745250
9.821208
9.791041
9.851375
9.796666
9.765667
9.864458
9.768959
9.766375
9.737833
9.753250
9.770833
9.767125
9.863792
9.742958
9.776167
9.747625
9.737250
9.782875
9.768042
9.870250
9.778458
10.081250
9.958959
9.768958
9.779334
9.803000
9.772167
9.786708
9.722459
9.813083
9.719584
9.788583
9.773542
9.751125
9.809875
9.824500
9.746291
9.721416
9.792750
9.782167
9.727000
9.757375
9.744542
9.797458
9.778708
9.762000
9.922417
9.910167
9.852875
9.794625
9.758958
9.813792
9.756750
9.817542
9.766167
9.765250
9.739375
9.730667
9.763000
9.697750
9.726000
9.749667
9.769875
9.737625
9.746167
9.760291
9.742625
9.753542
9.779292
9.764375
9.732709
9.726500
9.802959
9.732125
9.730750
9.749625
9.762084
9.752625
9.749791
9.797000
9.804291
9.748583
9.831084
9.737875
9.772042
9.790167
9.827000
9.782208
9.762834
9.979542
9.883333
9.783417
9.794167
9.764958
9.770208
9.757209
9.840208
9.780834
9.777875
9.779042
9.792458
9.767875
9.783166
9.847417
9.786042
9.757500
9.894375
9.807709
9.729875
9.739250
9.785167
9.860334
9.778125
9.798709
9.960917
9.814667
9.802667
9.778875
9.789750
9.795375
9.791625
9.783541
9.760792
9.872167
9.740584
9.794875
9.796875
9.749000
9.865333
9.762625
9.792625
9.885625
9.770583
9.777500
9.824250
9.780709
9.755708
9.812000
9.803750
9.772500
9.839625
9.792333
9.769375
9.891208
9.740250
9.851958
