11.902833
10.038750
9.833250
9.893167
9.798583
9.957625
9.967167
9.875334
9.815708
9.794208
9.858667
9.840917
9.829875
9.862667
9.803917
9.863750
9.867291
9.826542
9.821625
9.812000
9.889417
9.848583
9.801250
9.778000
9.790666
9.788042
9.770917
9.818000
9.787208
9.776917
9.898375
9.803125
9.764083
9.859584
9.790875
9.762000
9.822959
9.775292
9.781917
9.791709
9.803291
9.753833
9.825833
9.758500
9.767416
9.825333
9.801791
9.837375
9.816416
9.789500
9.821542
9.783792
9.832542
9.796416
9.851417
9.829250
9.841542
9.794000
9.790041
10.044709
9.872333
9.833958
9.817125
9.788875
9.805375
9.753708
9.846625
9.900625
9.793875
9.811625
9.789958
9.797750
9.783417
9.802209
9.818250
9.816167
9.808750
9.773375
9.804417
9.848208
9.776000
9.808000
9.800916
9.795584
10.059500
10.028458
9.919250
9.792625
9.905375
9.817792
9.797500
9.818666
9.796458
9.824917
9.814125
9.830375
9.816625
9.756500
9.809667
9.814667
9.792042
9.788708
9.833791
9.810250
9.742084
9.805250
9.790292
9.775459
9.821208
9.809375
10.032708
9.900625
9.808375
9.828375
9.823334
9.847791
9.795167
9.804042
9.783208
9.798834
9.793500
9.803250
9.855708
9.831625
9.813708
9.813875
9.799292
9.807834
9.792125
9.780083
9.804917
9.769000
9.793750
9.790708
9.830125
9.817375
9.777875
9.807584
9.815584
9.911708
9.813250
9.786291
9.785875
9.779375
9.796000
9.783334
9.825750
9.789625
9.812875
9.823500
9.808500
9.800666
9.810625
9.784584
9.809000
9.782708
9.849334
9.834792
9.812417
9.805583
9.798292
9.900917
9.834541
9.780000
9.818583
9.791750
9.856417
9.808666
9.839667
9.836834
9.811709
9.856042
9.806000
9.889709
9.795708
9.789459
9.818625
9.821084
9.843583
9.829834
9.821625
9.821500
9.786084
9.830417
9.835750
9.807583
9.827792
9.804125
9.965834
9.828375
9.796375
9.868708
9.779958
9.840000
9.762667
9.900125
9.801042
9.797792
9.839750
9.779084
