9.445250
8.472958
8.387625
8.327125
8.335334
8.399083
8.354917
8.278709
8.338000
8.295209
8.360166
8.280958
8.307750
8.266083
8.322917
8.376541
8.322000
8.296916
8.311083
8.302792
8.306083
8.306791
8.296250
8.285500
8.268958
8.276833
8.348000
8.288958
8.324875
8.265625
8.341916
8.292458
8.321125
8.305500
8.314292
8.299291
8.307083
8.253417
8.330250
8.299416
8.295750
8.292042
8.312000
8.283500
8.327959
8.326708
8.344334
8.312125
8.316166
8.289500
8.325208
8.281208
8.308833
8.291458
8.352792
8.291250
8.333459
8.265500
8.330167
8.309666
8.333334
8.257458
8.342000
8.266625
8.354167
8.299667
8.329083
8.279583
8.316000
8.314625
8.330709
8.294417
8.301875
8.296250
8.238292
8.367625
8.350833
8.294792
8.347875
8.323459
8.321625
8.304792
8.327750
8.307167
8.316625
8.294500
8.359959
8.299875
8.311542
8.306584
8.323083
8.266500
8.299666
8.380041
8.365625
8.316125
8.374292
8.274167
8.307459
8.257625
8.335375
8.277167
8.361125
8.262292
8.272125
8.326833
8.416958
8.323666
8.359958
8.283416
8.225000
8.282667
8.359500
8.313209
8.338958
8.275833
8.334000
8.270292
8.337834
8.358500
8.338083
8.361459
8.339250
8.255167
8.353458
8.290708
8.364625
8.369750
8.372875
8.298208
8.372666
8.297916
8.368291
8.293291
8.338375
8.308625
8.329625
8.341750
8.355042
8.376833
8.361875
8.338750
8.358709
8.270333
8.379375
8.286250
8.350375
8.267541
8.365208
8.299250
8.372584
8.298167
8.358917
8.296875
8.356042
8.305375
8.366333
8.291750
8.379916
8.291875
8.353833
8.289250
8.375125
8.284292
8.341833
8.283625
8.357292
8.298250
8.353250
8.300833
8.351834
8.324916
8.370459
8.329292
8.403834
8.301625
8.373042
8.284959
8.390625
8.294666
8.346125
8.305791
8.374292
8.308292
8.387667
8.313833
8.389417
8.289500
8.364667
8.312167
8.369416
8.310083
8.364875
8.337333
8.365083
8.356125
8.429625
8.353750
8.380333
8.353042
8.378625
8.353334
8.393250
8.345166
8.357167
8.330500
8.394166
8.375292
8.379500
8.360667
8.353125
8.338959
8.365708
8.378584
8.380208
8.361042
8.372791
8.338916
8.377375
8.315792
8.373459
8.362875
8.426375
8.342000
8.368000
8.332166
8.384625
8.342875
8.367250
8.354541
8.400250
8.328083
8.385208
8.340917
8.402042
8.376292
8.412958
8.375875
8.375834
8.375750
8.430458
8.353875
8.389458
8.358417
8.380750
8.377500
8.404291
8.370333
8.388375
8.414708
8.411458
8.370042
8.384083
8.394083
8.390458
8.378750
9.035417
8.463958
8.412625
8.372000
8.385834
8.367250
8.397250
8.366292
8.379333
8.371958
8.396709
8.335958
8.340500
8.398084
8.415875
8.364083
8.382417
8.369208
8.382208
8.387292
8.418084
8.356875
8.389500
8.305167
8.356833
8.341625
8.378833
8.356209
8.397584
8.365542
8.409834
8.385625
8.399083
8.355333
8.394709
8.369334
8.400084
8.383875
8.419250
8.374708
8.393000
8.418875
8.403750
8.422416
8.398792
8.364208
8.523792
8.398250
8.422333
8.420084
8.406083
8.392000
8.407459
8.389916
8.422916
8.405792
8.407917
8.391208
8.393916
8.393458
8.402334
8.405375
8.421667
8.413625
8.413792
8.386625
8.408292
8.431792
8.400458
8.393250
8.428917
8.398000
8.404041
8.388375
8.398375
8.396709
8.413000
8.386584
8.407542
8.409208
8.423416
8.383500
8.460375
8.437750
8.385875
8.399208
8.400792
8.389417
8.366625
8.393791
8.376750
8.423000
8.376166
8.428458
8.377583
8.410375
8.402042
8.396292
8.399166
8.357292
8.414125
8.434833
8.439334
8.429750
8.399125
8.411958
8.399167
8.414584
8.416000
8.427458
8.438292
8.435625
8.433166
8.433625
8.426750
8.421667
8.420125
8.408875
8.409958
8.397458
8.406250
8.422541
8.422208
8.429250
8.437583
8.402334
8.399625
8.419792
8.426125
8.420875
8.436209
8.417917
8.420125
8.458333
8.441541
8.420625
8.422584
8.437625
8.434625
8.426291
8.344083
8.342667
8.388541
8.370083
