13.005750
10.309375
10.051417
10.028625
9.967750
10.005333
9.961667
9.980209
9.945875
9.965666
10.169625
9.994958
9.941416
9.960000
10.005125
9.977084
9.943084
9.965875
9.898375
9.927500
9.876708
9.936250
9.940125
9.928959
9.933125
9.988334
9.955459
9.897750
9.910833
9.942458
9.934666
9.927709
9.935583
9.929667
9.910125
9.901167
10.050625
9.938917
9.885542
9.943084
9.930708
9.917167
9.911375
9.906459
9.903250
9.875250
9.921333
9.898917
9.950083
9.916666
9.915417
9.826875
9.958709
9.950625
9.920000
10.033167
9.915958
9.972458
9.939292
9.959209
9.865250
9.915334
9.938333
10.023292
9.912916
9.895375
9.891375
9.898625
9.935042
10.142667
9.978167
9.952000
9.943834
9.962959
9.898125
9.915833
9.933833
9.924875
9.899166
9.969208
9.941375
9.892041
9.946625
9.923208
9.903500
9.926500
9.889958
9.867000
9.913000
9.899667
9.896083
9.909083
10.037792
9.970208
10.268167
10.002833
9.927084
9.950625
9.914834
9.917167
9.925750
9.917125
9.935042
10.027667
10.013333
9.993500
9.949125
10.026458
9.954459
10.059416
10.014209
9.971000
9.897958
9.860209
10.067500
9.915709
9.939417
10.016041
9.951333
10.027875
9.987334
9.946375
10.023708
9.947375
9.927292
10.003375
9.917292
9.895167
9.886334
9.909667
9.929542
9.915500
9.934750
9.946625
9.963416
9.963625
9.979333
9.918208
9.895000
9.957792
9.937542
9.937125
9.981000
9.910500
9.969208
9.905500
9.946541
9.934875
9.913166
9.934625
9.949791
9.933750
9.942208
9.899250
9.947459
9.937791
9.945292
9.983459
9.925833
9.925083
9.948667
9.942375
9.919500
9.960167
9.952042
9.892458
9.916458
9.943500
9.917458
9.974542
9.911542
9.931041
9.927000
9.953083
10.044000
9.945166
9.945166
9.973042
9.945875
9.920792
9.951958
10.022208
9.988084
9.930792
9.933750
9.920083
9.951083
9.990250
9.937750
9.923583
9.964000
9.974167
9.994166
9.925792
9.990083
9.950458
10.161625
10.061417
9.905084
9.905042
