9.439375
8.449333
8.355041
8.339084
8.322334
8.304042
8.317084
8.309750
8.310875
8.299291
8.344583
8.302625
8.380542
8.293917
8.346958
8.324334
8.326083
8.331166
8.355542
8.376334
8.324583
8.315834
8.302541
8.304042
8.347750
8.317042
8.338708
8.332625
8.350041
8.324875
8.311917
8.345625
8.311125
8.331209
8.346000
8.348666
8.346750
8.330791
8.345708
8.306375
8.309541
8.309958
8.427500
8.338167
8.309875
8.314709
8.319625
8.310083
8.313583
8.309834
8.376500
8.333291
8.370667
8.323125
8.305208
8.335416
8.325625
8.311708
8.355500
8.348709
8.358375
8.318917
8.323250
8.331292
8.311833
8.336375
8.345917
8.337666
8.344542
8.348042
8.303958
8.321958
8.345042
8.393167
8.353000
8.275042
8.241834
8.323334
8.347917
8.330292
8.334750
8.363584
8.317166
8.363583
8.350291
8.350709
8.334875
8.316125
8.329833
8.332625
8.320250
8.342208
8.314834
8.338916
8.307125
8.410209
8.333250
8.348416
8.351291
8.323916
8.333167
8.331292
8.287375
8.428458
8.334292
8.408291
8.280208
8.373500
8.352416
8.366084
8.329292
8.337959
8.330667
8.319416
8.347500
8.332833
8.357959
8.336250
8.357667
8.325584
8.349083
8.319333
8.337250
8.340292
8.342417
8.327416
8.385209
8.362708
8.339125
8.355458
8.312541
8.349708
8.327792
8.351542
8.446042
8.375875
8.361208
8.368959
8.337333
8.341167
8.310458
8.352458
8.358959
8.354583
8.358708
8.357292
8.372541
8.342959
8.352083
8.331333
8.331208
8.343666
8.348209
8.359792
8.330667
8.350750
8.374375
8.379042
8.352709
8.324750
8.348708
8.340041
8.363500
8.345958
8.346875
8.348917
8.342625
8.356084
8.334750
8.384625
8.336792
8.355583
8.334750
8.338459
8.345000
8.378875
8.320000
8.365917
8.351666
8.368583
8.302125
8.394917
8.368959
8.359000
8.327875
8.394625
8.337042
8.385333
8.314625
8.360542
8.306917
8.361584
8.326250
8.356500
8.321542
8.299375
8.301875
8.351958
8.327375
8.377958
8.324041
8.396917
8.328042
8.353584
8.315625
8.386541
8.287375
8.374167
8.332333
8.365250
8.346209
8.343708
8.339791
8.373250
8.330084
8.378958
8.359584
8.367458
8.343875
8.368833
8.342167
8.372542
8.346416
8.356167
8.328625
8.416334
8.371667
8.367584
8.372208
8.380792
8.357042
8.382875
8.378042
8.359250
8.415750
8.381000
8.390667
8.378958
8.393708
8.381416
8.378625
8.353625
8.375625
8.421958
8.387958
8.378750
8.371000
8.332000
8.315334
8.359792
8.376750
8.342833
8.329292
8.345709
8.342708
8.329083
9.056458
8.445584
8.402292
8.341625
8.350125
8.310041
8.389667
8.383875
8.377667
8.407208
8.415791
8.438750
8.408458
8.364417
8.345167
8.469084
8.511166
9.084959
8.532333
9.231541
8.610166
8.761750
8.447750
8.232250
8.273375
8.210959
8.274083
8.269750
8.236500
8.254500
8.215125
8.185875
8.194334
8.179208
8.196250
8.158208
8.233417
8.328708
8.250916
8.222333
8.224167
8.207042
8.206792
8.197791
8.239875
8.182250
8.207375
8.179750
8.201750
8.185333
8.267125
8.198750
8.205500
8.169125
8.199667
8.203834
8.208250
8.156917
8.188417
8.175042
8.169125
8.168375
8.175125
8.152416
8.155666
8.178000
8.177041
8.173292
8.189792
8.180125
8.172458
8.177542
8.173000
8.184875
8.181667
8.179292
8.156541
8.217125
8.163291
8.167208
8.162750
8.272917
8.164083
8.380042
8.157375
8.212500
8.149000
8.175375
8.143875
8.179500
8.176667
8.199875
8.175417
8.188583
8.199000
8.175916
8.148250
8.153458
8.151209
8.182750
8.172500
8.174250
8.159583
8.151000
8.152167
8.141292
8.163000
8.185459
8.162959
8.177667
8.156875
8.172333
8.167625
8.144667
8.180292
8.169541
8.179333
8.181667
8.191541
8.164083
8.175041
8.177667
8.196541
8.189209
8.170875
8.179667
8.193916
8.218667
8.205375
8.231375
8.186584
8.177583
8.218542
8.170333
8.189791
8.166125
8.265917
8.273083
8.335333
8.322167
8.358417
8.361250
8.345875
8.289208
