9.395167
8.423292
8.345708
8.320542
8.322333
8.305084
8.322000
8.281750
8.382167
8.283833
8.323292
8.298750
8.279250
8.245500
8.300375
8.275375
8.277833
8.253916
8.351667
8.423250
8.421208
8.415791
8.452542
8.417375
8.415167
8.440250
8.423208
8.418333
8.464584
8.416709
8.458292
8.438084
8.365625
8.319667
8.315625
8.264208
8.312500
8.285458
8.308583
8.284916
8.293750
8.280292
8.277750
8.299334
8.296083
8.270917
8.298250
8.285541
8.289917
8.259667
8.322750
8.310709
8.297458
8.256333
8.284333
8.271750
8.376625
8.268416
8.358667
8.295167
8.401500
8.279834
8.279667
8.233167
8.238500
8.298625
8.336250
8.274167
8.273917
8.272167
8.288625
8.283625
8.258417
8.273500
8.247750
8.208209
8.329708
8.268791
8.319041
8.224541
8.264500
8.255416
8.305375
8.247791
8.284625
8.281208
8.277709
8.272917
8.304042
8.259792
8.318208
8.238750
8.311250
8.301625
8.304250
8.298750
8.319500
8.452875
8.279666
8.227167
8.225125
8.237250
8.252000
8.235167
8.240291
8.219625
8.244583
8.180125
8.216000
8.229542
8.223458
8.217000
8.249375
8.234541
8.276417
8.172541
8.157042
8.159000
8.153917
8.162708
8.159083
8.090209
8.249833
8.207583
8.194209
8.232416
8.250458
8.328125
8.354416
8.261208
8.234750
8.261167
8.235125
8.232792
8.228250
8.244875
8.218000
8.244584
8.221542
8.271833
8.216708
8.240250
8.219458
8.268500
8.218459
8.259584
8.210875
8.354208
8.226875
8.230167
8.207458
8.312375
8.192417
8.259834
8.220167
8.257417
8.229417
8.278334
8.213416
8.234791
8.228917
8.243500
8.219542
8.273541
8.218125
8.246500
8.234250
8.255584
8.207458
8.240042
8.224667
8.262334
8.220042
8.292917
8.218417
8.233083
8.227208
8.227209
8.219750
8.240333
8.195708
8.266584
8.244667
8.270125
8.229292
8.220375
8.227500
8.238625
8.240292
8.234542
8.234458
8.270209
8.232375
8.237208
8.237541
8.247917
8.263083
8.238292
8.228250
8.239083
8.228417
8.241708
8.245666
8.239125
8.247250
8.260458
8.254375
8.264500
8.241875
8.247541
8.229542
8.230209
8.240417
8.222125
8.225292
8.234791
8.257833
8.238125
8.240625
8.219833
8.241542
8.224459
8.248625
8.238708
8.234333
8.222125
8.232167
8.213250
8.246875
8.207416
8.267875
8.259875
8.256042
8.237792
8.301500
8.239208
8.237500
8.253584
8.262625
8.268417
8.239666
8.264291
8.272958
8.242833
8.240625
8.239416
8.275292
8.250583
8.275709
8.228417
8.257834
8.276375
8.308959
8.247500
8.306167
8.265000
8.965583
8.330167
8.305667
8.280583
8.286334
8.280500
8.272625
8.247167
8.285542
8.223084
8.247250
8.255875
8.286208
8.272875
8.267167
8.271000
8.296375
8.253000
8.273958
8.243625
8.261166
8.277042
8.285084
8.242250
8.289208
8.247125
8.283959
8.267084
8.263791
8.237833
8.279000
8.275250
8.253667
8.265625
8.275375
8.273583
8.290875
8.239625
8.236583
8.244625
8.289667
8.256458
8.292208
8.254250
8.284542
8.250667
8.304791
8.253625
8.324583
8.248666
8.243584
8.269917
8.292917
8.253834
8.276000
8.282125
8.300416
8.268542
8.283000
8.281917
8.277333
8.280166
8.292167
8.259125
8.289458
8.288250
8.262791
8.264459
8.247958
8.274292
8.262375
8.296042
8.285542
8.268125
8.276125
8.286292
8.258625
8.294542
8.252833
8.265416
8.295042
8.285084
8.277333
8.247167
8.243416
8.243916
8.258500
8.296875
8.258709
8.229916
8.264125
8.270959
8.256250
8.254333
8.275708
8.283583
8.300125
8.254167
8.260000
8.291083
8.244708
8.245166
8.249333
8.259958
8.286125
8.275917
8.293083
8.262667
8.282666
8.340542
8.360250
8.312708
8.310792
8.307166
8.294500
8.345125
8.272209
8.326667
8.278292
8.304666
8.287458
8.291708
8.276042
8.302833
8.276291
8.280916
8.283083
8.323583
8.281791
8.329416
8.253875
8.323417
8.284375
8.302792
8.265334
8.310625
8.287209
8.336792
8.285833
8.304625
8.269125
8.410417
8.285833
8.300667
