9.312375
8.377000
8.301667
8.238709
8.266959
8.276541
8.246625
8.256667
8.264958
8.220500
8.260875
8.245958
8.255500
8.234000
8.251166
8.225041
8.240459
8.229084
8.243625
8.220292
8.240875
8.224250
8.247583
8.216208
8.238625
8.211833
8.255750
8.228167
8.243875
8.216583
8.261334
8.239792
8.236541
8.214875
8.284417
8.232041
8.260500
8.223875
8.235041
8.226250
8.231333
8.219125
8.250333
8.222792
8.256917
8.233917
8.249041
8.210167
8.244000
8.220542
8.266875
8.225916
8.262625
8.209084
8.266209
8.259542
8.264708
8.245917
8.286000
8.266333
8.315916
8.259959
8.279375
8.328166
8.284208
8.229583
8.293000
8.252459
8.266166
8.252292
8.283792
8.234792
8.275417
8.229875
8.280000
8.267000
8.276166
8.240000
8.257750
8.194292
8.385250
8.275500
8.247958
8.253041
8.277333
8.248292
8.241916
8.261167
8.226916
8.274209
8.261459
8.275875
8.276167
8.262375
8.288083
8.233583
8.245208
8.297959
8.276917
8.272084
8.308667
8.260208
8.256792
8.258000
8.249375
8.256542
8.307666
8.287709
8.275166
8.209916
8.236459
8.361750
8.257792
8.262125
8.231958
8.269000
8.252000
8.295000
8.280167
8.270542
8.226292
8.259084
8.279459
8.264541
8.258917
8.280542
8.241000
8.248958
8.264208
8.330833
8.282042
8.299250
8.263709
8.304167
8.265167
8.255000
8.248500
8.273542
8.255542
8.206916
8.238334
8.407833
8.285667
8.287792
8.266583
8.292709
8.289916
8.306458
8.308000
8.284875
8.268125
8.240375
8.289917
8.267208
8.262042
8.296291
8.299042
8.274167
8.274375
8.279833
8.284917
8.291167
8.294875
8.273250
8.274791
8.282083
8.292042
8.284375
8.277083
8.289375
8.298292
8.286917
8.288917
8.301958
8.289459
8.279459
8.270750
8.287750
8.275458
8.323459
8.286583
8.316083
8.257708
8.307083
8.314625
8.290083
8.271708
8.295416
8.317250
8.301041
8.304042
8.284083
8.365875
8.340542
8.301875
8.333500
8.295542
8.289208
8.324459
8.344916
8.285000
8.307833
8.331750
8.331583
8.345167
8.348792
8.302583
8.305208
8.318458
8.289208
8.308250
8.295333
8.287791
8.302792
8.284167
8.330084
8.288417
8.308291
8.285459
8.300000
8.303333
8.361292
8.311584
8.305583
8.303625
8.308833
8.322917
8.333500
8.311542
8.324250
8.310500
8.303625
8.330125
8.299416
8.315250
8.329083
8.311042
8.314958
8.331834
8.337375
8.328625
8.350041
8.308792
8.356583
8.315584
8.343125
8.319833
8.337000
8.322250
8.343959
8.331916
8.334875
8.336542
8.355667
8.308583
8.314833
8.998792
8.383792
8.336917
8.305666
8.327000
8.341125
8.321375
8.324042
8.313625
8.292875
8.290042
8.316375
8.298666
8.298167
8.308417
8.306250
8.327208
8.291666
8.296834
8.305750
8.343041
8.325584
8.329750
8.327541
8.310958
8.288042
8.328875
8.325708
8.313000
8.315000
8.324500
8.315625
8.377541
8.298750
8.324292
8.325458
8.328167
8.332167
8.316208
8.334375
8.352333
8.338459
8.306875
8.333958
8.335417
8.321083
8.350667
8.338792
8.350083
8.322458
8.355583
8.342000
8.356125
8.351000
8.335500
8.345792
8.315541
8.330041
8.338042
8.333041
8.326416
8.339375
8.321292
8.318667
8.326334
8.325250
8.345500
8.330125
8.338084
8.350791
8.343667
8.313334
8.372583
8.330334
8.325375
8.367958
8.333916
8.365166
8.342208
8.339541
8.335417
8.361041
8.315083
8.335417
8.326583
8.361084
8.336584
8.356750
8.343000
8.368375
8.357000
8.356709
8.368083
8.367125
8.365834
8.353417
8.324292
8.316041
8.343667
8.339750
8.360875
8.346917
8.320167
8.372500
8.362583
8.337250
8.339625
8.389625
8.381292
8.374709
8.351500
8.323291
8.356000
8.369083
8.353708
8.349208
8.366333
8.360708
8.385292
8.349875
8.338333
8.347875
8.353750
8.373209
8.337667
8.368584
8.343375
8.356750
8.315583
8.381042
8.361000
8.312333
8.370625
8.350125
8.346500
8.354000
8.354000
8.353958
8.346084
8.371292
8.364583
8.329416
8.373958
8.369375
