9.433250
8.395334
8.318000
8.254709
8.263416
8.280750
8.253000
8.255375
8.199000
8.306208
8.245125
8.241041
8.251084
8.225583
8.262541
8.265875
8.212250
8.262500
8.260666
8.251792
8.274208
8.264417
8.263500
8.238250
8.255083
8.224083
8.238125
8.223625
8.248084
8.219875
8.240917
8.250458
8.249083
8.255959
8.255083
8.264250
8.282875
8.228917
8.238959
8.251459
8.249500
8.244083
8.249125
8.225750
8.267792
8.264458
8.237083
8.243292
8.264000
8.231792
8.244125
8.254541
8.271709
8.225750
8.281875
8.232833
8.272500
8.243583
8.268125
8.244000
8.211375
8.277667
8.260708
8.264500
8.261625
8.249000
8.292750
8.255833
8.255792
8.212125
8.339416
8.247459
8.273542
8.250959
8.286542
8.258000
8.240208
8.231042
8.276709
8.241500
8.265417
8.237500
8.284584
8.213667
8.262416
8.230208
8.262750
8.181667
8.292708
8.191042
8.262917
8.284125
8.271834
8.279625
8.278666
8.252333
8.280417
8.225917
8.268625
8.224167
8.265000
8.311666
8.308500
8.279417
8.276167
8.237625
8.273792
8.229834
8.275875
8.262833
8.269292
8.242792
8.285458
8.294917
8.283625
8.266000
8.304708
8.273750
8.296625
8.262375
8.323791
8.247958
8.320583
8.281500
8.303958
8.284250
8.312334
8.314417
8.297584
8.369458
8.253333
8.250041
8.382459
8.303833
8.326625
8.294167
8.359791
8.282625
8.373000
8.270917
8.401417
8.295708
8.344375
8.298833
8.383792
8.260875
8.389834
8.286333
8.377083
8.267333
8.402708
8.286167
8.372417
8.272167
8.395125
8.274667
8.406375
8.268292
8.378500
8.273958
8.403916
8.292125
8.378333
8.297833
8.365083
8.301000
8.381875
8.349583
8.315042
8.307000
8.338792
8.291250
8.397417
8.296125
8.388584
8.287500
8.354500
8.316750
8.317416
8.282958
8.360000
8.274792
8.321083
8.308458
8.299625
8.313750
8.336042
8.281083
8.396459
8.316166
8.408291
8.292083
8.324334
8.297875
8.312208
8.305792
8.395709
8.305666
8.316458
8.275500
8.396666
8.304834
8.420875
8.306166
8.343959
8.293583
8.430583
8.307000
8.358250
8.288458
8.329084
8.313834
8.327708
8.294042
8.358458
8.319500
8.321667
8.315792
8.318416
8.298458
8.368458
8.307875
8.341459
8.300209
8.317875
8.313542
8.311084
8.311750
8.329041
8.311167
8.329208
8.303042
8.368375
8.321042
8.350750
8.316750
8.345750
8.317584
8.362000
8.313875
8.352792
8.315083
8.330416
8.323083
8.361792
8.299958
8.335041
8.290625
8.331250
8.287458
8.291208
8.351709
8.328500
8.314125
8.288791
8.253417
8.942750
8.320625
8.387833
8.336750
8.328000
8.277375
8.348375
8.247292
8.322583
8.360167
8.350625
8.337041
8.463334
8.424208
8.326125
8.345500
8.305166
8.278625
8.468042
8.430291
8.425917
8.336542
8.471458
8.552875
8.431334
8.623125
8.241791
8.179250
8.198542
8.157792
8.234500
8.235333
8.168917
8.216250
8.163792
8.122833
8.141667
8.105667
8.143208
8.101459
8.233292
8.099958
8.118042
8.108375
8.137334
8.179000
8.194125
8.133292
8.141250
8.114583
8.143125
8.181375
8.174709
8.093042
8.130833
8.122500
8.133500
8.103125
8.129083
8.114667
8.115041
8.107625
8.121916
8.144417
8.138917
8.100375
8.122167
8.128041
8.137542
8.101083
8.125042
8.095875
8.098583
8.137167
8.086875
8.133250
8.083125
8.146125
8.092792
8.125167
8.099041
8.091625
8.093250
8.100750
8.106584
8.082500
8.076375
8.181291
8.125250
8.135041
8.113292
8.176041
8.129625
8.093833
8.078500
8.126167
8.118292
8.102334
8.095458
8.087708
8.106417
8.115208
8.119334
8.087625
8.140875
8.107375
8.132083
8.112250
8.114167
8.093167
8.148500
8.103958
8.140333
8.096375
8.162541
8.083583
8.152250
8.112333
8.146750
8.098750
8.127000
8.111917
8.314041
8.320250
8.433208
8.326333
8.356916
8.318791
8.361833
8.315750
8.374917
8.294250
8.363042
8.301916
8.402542
8.343125
8.333542
8.169875
8.180167
8.133917
8.207167
8.212083
8.289125
8.280750
