9.296833
8.267458
8.217333
8.310750
8.181291
8.144333
8.140416
8.181583
8.118958
8.125417
8.141125
8.156875
8.145584
8.112833
8.131667
8.155208
8.156917
8.143500
8.129958
8.108458
8.146375
8.136292
8.135542
8.122792
8.169625
8.121750
8.180958
8.140792
8.137000
8.103875
8.145084
8.121125
8.162042
8.145208
8.189458
8.109875
8.134875
8.147708
8.146875
8.117250
8.190292
8.145708
8.183583
8.145500
8.201542
8.149917
8.159583
8.143792
8.154792
8.150250
8.152917
8.151625
8.148334
8.161125
8.117209
8.131708
8.211667
8.181542
8.154167
8.165541
8.168084
8.156834
8.167417
8.204500
8.173875
8.161542
8.163542
8.201375
8.148333
8.184250
8.164583
8.191208
8.144208
8.197250
8.163875
8.173250
8.194625
8.195250
8.120417
8.168250
8.147625
8.179666
8.148375
8.173458
8.155584
8.148209
8.143167
8.208833
8.157583
8.176542
8.164375
8.202416
8.160083
8.225959
8.191834
8.320500
8.189250
8.168459
8.149667
8.169709
8.170292
8.173666
8.166333
8.149000
8.191875
8.165041
8.135334
8.156583
8.201459
8.183834
8.158750
8.155667
8.223417
8.163042
8.157667
8.200959
8.194125
8.147959
8.212792
8.148875
8.156166
8.150625
8.164125
8.167292
8.151083
8.183334
8.322125
8.325125
8.264500
8.149667
8.187750
8.183708
8.176917
8.163334
8.129542
8.155875
8.156333
8.152834
8.130583
8.134333
8.149709
8.132000
8.159958
8.172167
8.166125
8.170375
8.201333
8.177125
8.174625
8.183583
8.197250
8.175083
8.193333
8.200250
8.171083
8.181834
8.242375
8.196041
8.191833
8.165208
8.195541
8.177625
8.202041
8.170542
8.189958
8.183417
8.171292
8.160792
8.191375
8.155209
8.189042
8.207125
8.171958
8.247042
8.135292
8.211333
8.159500
8.261417
8.182334
8.205166
8.208458
8.204708
8.170083
8.317083
8.165750
8.211792
8.178458
8.203375
8.201167
8.219458
8.166917
8.254375
8.198375
8.184875
8.198917
8.200250
8.157791
8.215125
8.198708
8.242458
8.166250
8.238625
8.191542
8.212750
8.219708
8.230000
8.170791
8.202792
8.194459
8.215083
8.166125
8.225708
8.195084
8.223416
8.242916
8.199709
8.183583
8.212459
8.186958
8.237500
8.186708
8.201000
8.199750
8.184333
8.209417
8.216917
8.202875
8.266375
8.190208
8.204833
8.205834
8.225041
8.261500
8.224958
8.229750
8.212250
8.204250
8.256375
8.247125
8.218125
8.211625
8.246625
8.199292
8.192292
8.188000
8.207875
8.240083
8.203250
8.214916
8.282000
8.250208
8.184167
8.296583
8.205083
8.200291
8.216125
8.927375
8.370792
8.247959
8.219750
8.304500
8.224333
8.278958
8.193958
8.246333
8.225125
8.225125
8.185459
8.230167
8.226250
8.249333
8.177208
8.243292
8.207083
8.258708
8.221208
8.249458
8.223958
8.254833
8.237042
8.203458
8.223125
8.217292
8.207917
8.231375
8.218541
8.219125
8.214333
8.262667
8.227083
8.254458
8.243500
8.253500
8.217833
8.237166
8.209875
8.235750
8.232375
8.229334
8.222666
8.225167
8.233750
8.232167
8.242083
8.259500
8.257042
8.213125
8.235667
8.242667
8.219250
8.235625
8.249000
8.247542
8.240083
8.256750
8.257208
8.230583
8.230792
8.231208
8.257167
8.272791
8.255542
8.218875
8.236834
8.235000
8.261459
8.253959
8.267792
8.276041
8.255542
8.290958
8.242625
8.240792
8.271917
8.189625
8.260958
8.239292
8.259291
8.271375
8.292542
8.231541
8.254500
8.228167
8.294417
8.215542
8.287083
8.245667
8.288291
8.304167
8.295875
8.225250
8.319000
8.241291
8.351541
8.256166
8.284125
8.204000
8.257750
8.259792
8.308500
8.205708
8.285542
8.230000
8.272459
8.269666
8.234875
8.255083
8.265875
8.244125
8.282042
8.252500
8.264625
8.252083
8.237583
8.228209
8.261708
8.259416
8.282375
8.271500
8.267958
8.219958
8.289500
8.263708
8.260959
8.232167
8.286125
8.240208
8.299583
8.263500
8.289625
8.251375
8.257083
8.268250
8.285583
8.259375
8.292625
8.284125
8.280583
8.231292
8.303958
