12.599209
10.296000
10.269084
10.147209
10.131875
10.265500
10.195333
10.283750
10.418875
10.454500
10.325083
10.343666
10.370959
10.115500
10.256750
10.046833
10.264417
10.347000
10.210834
10.074917
10.052583
10.154875
10.178083
10.148500
10.211792
10.149875
10.094209
10.069333
10.139125
10.013792
9.854000
9.798416
9.804167
9.807667
9.833083
9.929750
9.784750
9.892167
9.811708
9.841875
9.785250
9.789459
9.780083
9.826833
9.813542
9.852292
9.788958
9.817000
9.843958
9.823166
9.809125
9.825625
9.798916
9.784167
9.848417
9.779375
9.786417
9.787000
9.790375
9.778917
9.765833
9.804584
9.850500
9.767666
9.807250
9.748916
9.783209
9.846083
9.817708
10.072833
9.820125
9.869500
9.796750
9.772959
9.888292
9.819250
9.814041
9.800875
9.772166
9.792625
9.731167
9.779875
9.777625
9.791750
9.796583
9.760334
9.772500
9.739041
9.783500
9.757792
9.776334
9.742708
9.769375
9.809500
9.920792
10.015375
9.820542
9.794333
9.796125
9.798208
9.816042
9.822750
9.765917
9.861542
9.802458
9.947125
9.803792
9.775459
9.775250
9.806416
9.810708
9.765959
9.859959
9.950083
9.763417
9.853334
9.777042
9.850125
9.816292
9.786584
9.904000
9.742250
10.841292
9.951708
9.820458
9.811375
9.767000
9.801833
9.814292
9.814125
9.855750
9.765750
9.933125
9.782916
9.795708
9.833541
9.786916
9.836209
9.781750
9.815666
9.814667
9.799334
9.842584
9.776917
9.840875
9.884792
9.816375
9.797292
9.808125
9.812500
9.794417
9.825541
9.842000
9.813750
9.820209
9.852459
9.834250
9.850792
9.790250
9.856250
9.814583
9.785625
9.775334
9.778583
9.831375
9.792167
9.822292
9.811250
9.796500
9.776667
9.801875
9.839500
9.780500
9.811208
9.796625
9.765916
9.813750
9.805625
9.797792
9.880125
9.812167
9.778500
9.791625
9.793250
9.794750
9.803250
9.783500
9.793208
9.829458
9.779125
9.807166
9.831750
9.825542
9.892167
9.808084
9.900709
9.785709
9.795833
9.834084
9.826667
