13.621666
10.133833
10.254208
10.220875
10.147208
10.316708
10.103667
10.300167
10.025542
10.129250
10.011250
10.014000
10.093708
10.004875
10.072708
10.026666
10.065875
9.962792
9.841208
9.828375
9.839375
9.808291
9.831959
9.776542
9.815958
9.839917
9.821583
9.853792
9.750625
9.807500
9.772333
9.797833
9.820625
9.795750
9.863292
9.785042
9.831334
9.761583
9.757834
9.788666
9.758166
9.813500
9.836584
9.767875
9.774625
9.741542
9.768792
9.789542
9.773333
9.771250
9.757458
9.752292
9.773125
9.864792
9.741583
9.768583
9.832333
9.782500
9.838709
9.753542
9.997917
9.864792
9.790041
9.765500
9.770333
9.768917
9.762458
9.781125
9.813084
9.772334
9.888875
9.818375
9.798542
9.859708
9.762375
9.864750
9.760959
9.798583
9.881375
9.774542
9.807459
9.815709
9.776875
9.797208
9.742583
9.791542
10.062250
9.939709
9.832500
9.777625
9.787417
9.759791
9.849916
9.819458
9.918167
9.794666
9.760750
9.896584
9.811875
9.849625
9.799791
9.804708
9.922791
10.082417
10.105750
10.114542
10.081250
10.082459
10.259834
9.871792
9.828417
9.996667
9.932125
9.837125
9.989041
9.919167
9.859041
9.844584
9.802125
9.833833
9.808417
9.804000
10.484208
9.803167
9.842333
9.794541
9.856791
9.975417
9.819042
9.865875
9.808791
9.801750
9.791875
9.800167
9.821833
9.767042
9.832208
9.825292
9.799916
9.780250
9.794167
9.792209
9.804459
9.776541
9.857291
9.793708
9.811042
9.809958
9.775333
9.797500
10.144083
9.879958
9.783250
9.812041
9.773125
9.798042
9.792875
9.747250
9.778792
9.899791
9.784625
9.848958
9.864083
9.816625
9.833500
9.794792
9.846709
9.794041
9.801708
9.781000
9.825333
9.803916
9.789791
9.819417
9.797250
9.854125
9.830875
9.844333
9.817416
9.797667
9.885292
9.928750
9.749542
9.821834
9.865375
9.898041
9.839417
9.789250
9.927541
9.796750
9.814167
9.815833
9.821542
9.918166
9.790209
9.866042
9.783125
9.845333
9.857791
9.823750
