13.045291
10.243333
10.160458
10.270667
10.176625
10.354500
10.185958
9.963250
9.953083
9.956542
9.953208
10.008625
9.979916
9.964417
9.995250
9.963375
9.919833
9.951416
9.972375
9.895708
9.942833
10.022250
10.117875
9.969709
10.029458
9.918125
9.930542
9.916958
9.931000
9.921125
9.935584
9.892709
9.927500
9.940750
9.938375
9.894708
9.954709
9.948125
9.934917
9.909250
9.906458
9.919291
9.950875
9.876875
9.909792
9.892875
9.978834
9.916584
9.960834
9.970250
9.912417
9.931541
9.918958
9.887459
9.904042
10.029500
10.074375
10.091625
9.912792
9.938375
9.912583
9.935500
9.916542
9.880250
9.927584
9.899458
9.917458
9.893000
9.896416
9.899125
9.927625
9.966000
9.950583
9.921042
9.956875
9.912833
9.912083
9.916292
10.023458
9.944375
10.085459
10.093875
9.951584
9.935333
9.933625
9.941041
9.964792
9.914917
9.914709
9.927042
9.917125
9.888584
9.910042
9.952625
9.930625
9.942625
9.934917
9.946333
9.915625
9.919000
9.917041
9.911625
9.908458
9.905000
9.982083
9.994750
10.131708
9.979916
9.935792
9.908167
9.952542
9.887167
9.911167
9.959875
9.983667
9.912542
9.933709
9.946334
9.920458
9.970583
9.935042
9.956750
9.933000
9.905667
9.953792
10.025750
9.904333
9.968958
10.016875
10.246333
10.032750
9.959917
9.986625
10.029958
9.977375
9.964084
9.933167
9.941791
9.934292
9.924500
9.903792
9.967167
9.952542
9.905000
9.918292
9.919709
9.941333
9.915417
9.894584
9.909667
10.023417
9.993250
9.965667
9.961250
9.919250
10.007583
9.983958
9.926458
9.953916
9.920916
9.916667
9.926000
9.898209
9.918166
9.917167
9.940166
9.972291
9.891208
9.881333
9.925500
9.906958
9.955250
9.947166
9.916750
9.910167
9.900375
9.913625
9.875584
9.917708
9.977250
10.029292
9.915875
9.880792
9.982083
9.972625
9.945291
10.024417
9.985709
10.038000
9.952250
9.991084
9.926125
9.897167
9.929875
9.902792
9.891583
9.958209
9.903250
9.945458
9.931375
