12.549458
10.317542
10.078292
9.981541
10.048083
10.005625
10.088208
9.952250
9.957916
9.858667
9.949084
9.915708
9.915375
9.909167
9.875042
9.888000
9.978292
9.931000
9.924000
9.853125
9.892708
9.941958
9.925834
9.897208
9.900666
9.906125
9.914167
9.949625
9.904875
9.871500
9.919042
9.893541
9.928750
9.880333
9.913917
9.992250
9.857375
9.912750
9.912958
9.892542
9.873666
9.882250
9.924792
9.895834
9.891959
10.034959
9.879208
9.858542
9.878583
9.894292
9.894000
9.849208
9.890042
9.911625
9.905250
9.868125
9.929542
9.943666
9.935000
9.932416
9.915042
9.932500
9.910958
9.883000
9.920167
9.877417
9.848750
9.833375
9.900334
9.859750
10.015708
10.073125
10.014584
9.890041
9.980084
9.900167
9.840375
9.893542
9.884208
9.905334
9.918500
9.884500
9.882833
9.895667
9.894584
9.998292
10.009500
9.864500
9.853167
9.873000
9.857625
9.870166
9.890708
9.913375
9.851250
9.850000
10.158459
9.958208
9.906666
10.007500
9.918458
9.908250
9.886750
9.903625
9.911708
9.830125
9.858333
9.879292
9.921875
9.939958
9.865125
9.896542
9.877167
9.906833
9.889375
9.887708
9.936667
9.891625
9.931708
9.888292
9.884083
9.989750
11.038875
9.934458
9.892167
9.905916
10.027125
9.971959
9.914125
9.925208
9.841709
9.942917
9.897000
9.878167
9.867375
9.970042
9.919209
9.875667
9.899500
9.932375
9.896000
9.914250
9.864083
9.890250
9.914125
9.923625
9.897291
9.875500
10.000083
9.860542
9.953667
9.868000
9.861875
9.886125
9.917791
9.888375
9.927959
9.882500
9.870000
9.901417
9.975125
9.915500
9.942708
9.977417
9.960333
9.935167
9.878750
9.853042
9.933625
9.905416
9.893584
9.949791
9.834459
9.781875
10.028333
9.885417
9.975833
9.984334
10.008084
10.005708
10.063584
9.982916
10.042708
9.958875
9.991875
10.001000
9.875459
9.904875
9.893916
9.848416
9.829833
9.804333
9.806750
9.763708
9.807791
9.897208
9.905958
9.935916
9.874250
9.914833
