9.343458
8.234375
8.114666
8.058167
8.140041
8.078416
8.035167
8.029041
8.022750
8.021458
8.015625
8.076833
8.051042
8.037541
8.010458
8.017291
8.009625
8.024042
8.050792
8.044417
8.040333
8.047792
8.024666
8.047625
8.041500
8.031958
8.056834
8.044542
8.021709
8.012875
8.150000
8.029458
8.074041
8.044458
8.068584
8.026334
8.070083
8.034667
8.058667
8.039458
8.077333
8.046416
8.061167
8.043208
8.058875
8.086125
8.087458
8.052792
8.045500
8.052875
8.039333
8.065792
8.053500
8.057083
8.034000
8.079500
8.059833
8.081542
8.049208
8.094333
8.042250
8.058541
8.036417
8.076334
8.049125
8.089042
8.035209
8.072333
8.058833
8.070583
8.048750
8.046750
8.049250
8.052083
8.084458
8.109250
8.068542
8.057042
8.045375
8.067625
8.056750
8.064333
8.070541
8.097791
8.075042
8.040916
8.081792
8.044542
8.079875
8.115958
8.231792
8.045875
8.156584
8.141459
8.164584
8.179583
8.156834
8.171125
8.202459
8.195833
8.209542
8.161375
8.172000
8.197541
8.217625
8.174583
8.246166
8.166917
8.232542
8.197542
8.199708
8.174875
8.240250
8.201542
8.193625
8.166791
8.220042
8.209542
8.220292
8.222291
8.258917
8.294459
8.213416
8.170084
8.169750
8.173458
8.188000
8.188208
8.176084
8.180250
8.174542
8.178583
8.161042
8.164750
8.192000
8.171958
8.161375
8.184583
8.172458
8.187875
8.198584
8.192458
8.189208
8.206292
8.180500
8.208792
8.189042
8.190792
8.190042
8.234917
8.249084
8.203667
8.184875
8.258375
8.170875
8.241875
8.197333
8.223375
8.207917
8.223500
8.175959
8.215416
8.236250
8.230083
8.234083
8.258083
8.204167
8.225458
8.206458
8.224459
8.221792
8.221167
8.212083
8.237500
8.214708
8.228458
8.239708
8.264708
8.236084
8.224875
8.219917
8.227000
8.219958
8.202250
8.218084
8.207667
8.205542
8.220708
8.203375
8.221916
8.223000
8.203625
8.222750
8.243625
8.220083
8.224875
8.244166
8.243208
8.220375
8.203750
8.268167
8.216416
8.234666
8.236750
8.276583
8.239125
8.279708
8.199958
8.293834
8.204250
8.243834
8.228959
8.269250
8.200500
8.294834
8.221042
8.264625
8.217000
8.218083
8.194542
8.278625
8.246667
8.323542
8.240250
8.239958
8.221458
8.274000
8.196333
8.253292
8.225875
8.273042
8.232125
8.248625
8.218250
8.253250
8.235208
8.265959
8.206666
8.250875
8.222500
8.262041
8.238542
8.264375
8.252292
8.236167
8.230458
8.277667
8.219625
8.237875
8.241042
8.226042
8.219625
8.242542
8.198875
8.218500
8.198167
8.915958
8.302417
8.246208
8.222583
8.259250
8.221458
8.251958
8.217875
8.262708
8.240083
8.250500
8.242500
8.242250
8.224083
8.220500
8.235375
8.241292
8.248208
8.244084
8.270792
8.260125
8.248375
8.248750
8.248083
8.239666
8.236416
8.287917
8.278500
8.247125
8.246167
8.261500
8.254875
8.276334
8.258834
8.247959
8.244208
8.259708
8.254042
8.244667
8.301917
8.258709
8.253834
8.240375
8.261625
8.285708
8.283125
8.331167
8.258208
8.306875
8.234750
8.282541
8.316042
8.228958
8.277917
8.238500
8.308709
8.240792
8.287000
8.220708
8.278625
8.257958
8.304416
8.251459
8.289292
8.265667
8.295000
8.306375
8.376250
8.259875
8.312834
8.334792
8.315458
8.340583
8.295542
8.214208
8.308250
8.251959
8.287834
8.251625
8.320958
8.238875
8.277500
8.254583
8.281334
8.247792
8.290542
8.258625
8.301334
8.231667
8.284583
8.280834
8.322584
8.235667
8.311375
8.230125
8.279792
8.286042
8.304459
8.259792
8.299083
8.278667
8.305416
8.263750
8.325291
8.283875
8.293333
8.292333
8.305875
8.244542
8.297250
8.276542
8.307542
8.290167
8.254916
8.251167
8.261333
8.269084
8.316625
8.275041
8.299208
8.230666
8.271417
8.265708
8.285667
8.244042
8.248750
8.282458
8.279667
8.236042
8.293167
8.265041
8.289459
8.250167
8.298333
8.254833
8.345833
8.262333
8.309875
8.260334
8.317250
8.278959
8.323708
8.274791
8.291666
