9.324958
8.308250
8.208583
8.181500
8.161375
8.150042
8.156250
8.152459
8.152708
8.169875
8.151042
8.165458
8.149000
8.186250
8.151250
8.165458
8.185375
8.188375
8.149584
8.172125
8.168666
8.195541
8.175333
8.182750
8.160458
8.172792
8.205875
8.176417
8.175000
8.138458
8.171333
8.162125
8.150416
8.165916
8.173750
8.186375
8.198959
8.211916
8.160167
8.162250
8.195000
8.143542
8.210042
8.164208
8.194333
8.168875
8.197250
8.162125
8.264208
8.174416
8.227750
8.174875
8.214500
8.117667
8.169500
8.149250
8.217375
8.166083
8.245625
8.226667
8.180917
8.156000
8.189416
8.161250
8.245750
8.166375
8.177166
8.163750
8.205917
8.160000
8.196500
8.172167
8.198292
8.193833
8.153250
8.196417
8.227958
8.186750
8.156167
8.199959
8.205792
8.191834
8.188500
8.162292
8.184500
8.298625
8.316667
8.204958
8.188375
8.208833
8.167042
8.169459
8.172667
8.168250
8.195417
8.237375
8.202833
8.214125
8.158250
8.218625
8.165375
8.199541
8.185125
8.228625
8.168708
8.235375
8.202542
8.350292
8.299750
8.181292
8.191209
8.188375
8.183459
8.207917
8.155542
8.229458
8.250459
8.411375
8.204542
8.201042
8.195417
8.181542
8.153125
8.207459
8.171208
8.241750
8.211333
8.176292
8.195250
8.206916
8.165542
8.209875
8.173625
8.197333
8.195709
8.224500
8.226917
8.242833
8.200458
8.233500
8.205000
8.206209
8.190292
8.215125
8.195208
8.231458
8.291000
8.267083
8.246208
8.309542
8.246042
8.201875
8.198292
8.275791
8.216167
8.200583
8.215000
8.198000
8.213375
8.233541
8.201834
8.211791
8.212667
8.227792
8.215000
8.204291
8.217000
8.235792
8.250125
8.231250
8.250584
8.224666
8.257292
8.192875
8.255459
8.212334
8.237708
8.186792
8.241250
8.186791
8.251209
8.242167
8.221750
8.228833
8.327875
8.220791
8.256458
8.202584
8.255125
8.226000
8.252083
8.212166
8.210792
8.234875
8.241167
8.206875
8.311792
8.223042
8.245500
8.210083
8.249042
8.207042
8.243542
8.221500
8.254750
8.216500
8.248041
8.196250
8.247459
8.235959
8.248709
8.209042
8.225625
8.208834
8.237708
8.237875
8.235084
8.202750
8.216291
8.234416
8.240542
8.247583
8.311417
8.235916
8.270250
8.242917
8.244417
8.215042
8.230875
8.201584
8.215542
8.268917
8.252208
8.216167
8.217875
8.248459
8.204209
8.217334
8.237042
8.242792
8.301208
8.238167
8.226458
8.233334
8.240042
8.259084
8.240334
8.228791
8.229875
8.230750
8.219084
8.212917
8.264333
8.251417
8.200625
8.223292
8.951292
8.296292
8.260459
8.320750
8.300333
8.244166
8.245792
8.238458
8.247625
8.280792
8.244000
8.288292
8.242542
8.276041
8.241750
8.254916
8.267250
8.310667
8.235375
8.338416
8.272625
8.282416
8.256458
8.275500
8.260250
8.302834
8.268375
8.279875
8.238084
8.293666
8.330208
8.290250
8.351708
8.284791
8.251708
8.318917
8.236084
8.281000
8.255167
8.273041
8.314583
8.269416
8.261875
8.283792
8.257500
8.290542
8.253667
8.268958
8.285708
8.264958
8.226083
8.288708
8.238833
8.307750
8.274792
8.290084
8.236250
8.279875
8.237250
8.286333
8.213125
8.350417
8.264209
8.308375
8.228417
8.295666
8.281333
8.293750
8.268542
8.290750
8.260584
8.275625
8.275791
8.290208
8.247792
8.276416
8.305084
8.297458
8.272041
8.312125
8.264000
8.318750
8.254333
8.285792
8.258667
8.309209
8.270458
8.306208
8.259291
8.293750
8.265875
8.300625
8.256292
8.296583
8.228208
8.263541
8.262375
8.251375
8.258875
8.270125
8.267916
8.257000
8.261500
8.294917
8.265916
8.282833
8.247083
8.245584
8.270167
8.283084
8.311000
8.295708
8.304625
8.279834
8.300042
8.265708
8.277000
8.282333
8.290667
8.290750
8.312125
8.275208
8.307042
8.294459
8.285958
8.299458
8.281375
8.288084
8.317375
8.269583
8.294584
8.264209
8.298833
8.333833
8.268375
8.320667
8.287458
8.296083
8.320709
8.336333
8.298208
8.297625
8.328042
8.300458
