9.361875
8.325542
8.222875
8.169167
8.149791
8.294791
8.294917
8.320917
8.181666
8.189709
8.195042
8.256250
8.396667
8.316125
8.277917
8.362083
8.308250
8.372375
8.305792
8.475834
8.328916
8.366917
8.297333
8.339667
8.234459
8.192250
8.183042
8.191958
8.170875
8.176667
8.176292
8.154583
8.163375
8.151333
8.176709
8.140916
8.155417
8.325625
8.282833
8.307917
8.297375
8.221708
8.151625
8.080416
8.069916
8.235250
8.202834
8.165416
8.296375
8.174292
8.149083
8.206834
8.174750
8.149500
8.186041
8.152958
8.155333
8.156125
8.156500
8.159958
8.216583
8.173834
8.215250
8.184500
8.210209
8.151333
8.164667
8.151500
8.208458
8.147708
8.200083
8.180334
8.168166
8.184084
8.214916
8.172958
8.207166
8.174625
8.196583
8.221167
8.334250
8.173541
8.190500
8.185125
8.202959
8.162000
8.178208
8.155458
8.173625
8.196833
8.181291
8.162709
8.176084
8.205292
8.166125
8.199417
8.177375
8.183041
8.177666
8.189000
8.171041
8.251708
8.218667
8.217875
8.195291
8.262042
8.203583
8.223209
8.189000
8.214459
8.263083
8.415000
8.252875
8.208666
8.172417
8.215292
8.189084
8.218583
8.183625
8.249834
8.208917
8.287666
8.207209
8.243292
8.169166
8.236917
8.200375
8.286250
8.205375
8.223000
8.218833
8.240500
8.184500
8.235875
8.196000
8.232833
8.245333
8.212166
8.196375
8.209750
8.286958
8.347250
8.256541
8.232708
8.185375
8.263834
8.210833
8.245791
8.177000
8.236167
8.194000
8.243500
8.196042
8.223166
8.184333
8.215667
8.186084
8.187125
8.176417
8.191000
8.214000
8.206417
8.197666
8.202458
8.200958
8.194125
8.183833
8.198417
8.203042
8.204917
8.204375
8.199334
8.196917
8.271250
8.209458
8.206959
8.204583
8.266208
8.234958
8.192292
8.310042
8.208833
8.264625
8.210959
8.271833
8.205875
8.221541
8.203625
8.261166
8.212000
8.246375
8.177541
8.251417
8.208792
8.253333
8.274500
8.252334
8.211250
8.260167
8.214792
8.245708
8.203208
8.215959
8.216500
8.286375
8.189500
8.239917
8.204750
8.251292
8.223708
8.229959
8.214250
8.237917
8.194875
8.223000
8.240167
8.354250
8.222041
8.270167
8.224166
8.256042
8.221167
8.233458
8.249083
8.258625
8.229458
8.274791
8.227416
8.221625
8.232875
8.271834
8.234125
8.231959
8.203667
8.248334
8.221208
8.243500
8.238333
8.212834
8.247375
8.224750
8.240167
8.220167
8.257958
8.258667
8.224125
8.227125
8.255583
8.262000
8.253666
8.247833
8.259709
8.242709
8.247292
8.225500
8.282250
8.966458
8.282916
8.254708
8.277542
8.247750
8.261834
8.220375
8.281416
8.224042
8.251083
8.225542
8.259959
8.276166
8.265250
8.204000
8.264958
8.266250
8.275084
8.284458
8.258750
8.224209
8.250416
8.231708
8.241041
8.230750
8.272208
8.221458
8.233625
8.192083
8.237334
8.231541
8.243750
8.259500
8.236667
8.214042
8.237708
8.283459
8.256125
8.226875
8.248167
8.246834
8.249292
8.251375
8.269625
8.256916
8.266375
8.210000
8.278916
8.259833
8.291875
8.249542
8.296250
8.282750
8.255791
8.232541
8.293417
8.264958
8.294375
8.262500
8.309667
8.257167
8.303417
8.271791
8.260291
8.263500
8.278792
8.239084
8.284709
8.290292
8.280792
8.282417
8.293542
8.245417
8.345666
8.257041
8.286666
8.260375
8.295625
8.272167
8.294167
8.243750
8.276916
8.283333
8.315916
8.292542
8.287250
8.272958
8.252167
8.239333
8.281542
8.274000
8.272667
8.248458
8.245458
8.268208
8.270875
8.292750
8.261125
8.279958
8.310333
8.258792
8.283750
8.285708
8.258625
8.281708
8.302583
8.241333
8.275833
8.298625
8.315875
8.274375
8.281583
8.266708
8.295458
8.267458
8.280416
8.279375
8.274292
8.300333
8.284250
8.282375
8.283709
8.311083
8.291000
8.301667
8.312833
8.272125
8.301166
8.301208
8.310916
8.311416
8.271958
8.268708
8.313791
8.296458
8.302333
8.269250
8.306833
8.330083
8.281666
8.285666
8.256375
8.308000
8.269459
