9.451916
8.392750
8.293000
8.292917
8.256083
8.277459
8.254458
8.239542
8.286458
8.238125
8.234750
8.212291
8.244917
8.223833
8.244250
8.228000
8.246625
8.220666
8.248458
8.205542
8.240583
8.225167
8.248541
8.202875
8.243583
8.212375
8.246958
8.233334
8.244000
8.210041
8.259458
8.169167
8.252542
8.239208
8.301042
8.206542
8.246750
8.198667
8.252500
8.201250
8.256542
8.173167
8.263500
8.189083
8.230041
8.190709
8.247416
8.256541
8.260916
8.169583
8.276250
8.197542
8.232750
8.207250
8.259333
8.240500
8.258333
8.223916
8.275125
8.236709
8.261875
8.224125
8.339375
8.224166
8.251958
8.229458
8.241709
8.233792
8.248292
8.360958
8.265708
8.270958
8.247500
8.204292
8.373208
8.304292
8.358750
8.243958
8.273541
8.246750
8.267917
8.273125
8.272208
8.241041
8.285250
8.230750
8.269458
8.266958
8.339667
8.260750
8.276750
8.243250
8.304292
8.253458
8.264416
8.236541
8.259625
8.235250
8.292667
8.266000
8.259959
8.270292
8.244042
8.270834
8.257291
8.261083
8.432750
8.273958
8.303041
8.278042
8.293875
8.268791
8.245500
8.281917
8.271792
8.272000
8.290833
8.279666
8.289458
8.279833
8.257042
8.278958
8.278209
8.268875
8.249417
8.243958
8.266917
8.273333
8.244917
8.287625
8.327625
8.280292
8.277875
8.292833
8.219042
8.273916
8.314000
8.301333
8.287500
8.266625
8.251583
8.281000
8.263750
8.293084
8.282250
8.257625
8.257750
8.296792
8.273208
8.292292
8.276416
8.286500
8.239292
8.278166
8.310209
8.262666
8.290542
8.296000
8.257750
8.267541
8.263458
8.287375
8.301458
8.302708
8.280375
8.297208
8.269416
8.264959
8.288916
8.296083
8.257959
8.299041
8.268583
8.286417
8.257917
8.273417
8.257209
8.287291
8.295208
8.295500
8.242583
8.298458
8.274500
8.296083
8.266125
8.284875
8.297292
8.308042
8.283083
8.306291
8.285292
8.280458
8.293708
8.326709
8.285083
8.289375
8.294500
8.295917
8.289375
8.305542
8.284083
8.295084
8.303166
8.289833
8.316584
8.294125
8.304292
8.309250
8.295000
8.307334
8.302250
8.289833
8.298750
8.326708
8.279042
8.320208
8.297333
8.294916
8.314917
8.314709
8.318500
8.313208
8.309042
8.326875
8.342333
8.295167
8.323625
8.331625
8.297375
8.300708
8.324750
8.334542
8.302834
8.329000
8.313958
8.318000
8.299250
8.343667
8.299625
8.322542
8.303458
8.343375
8.288750
8.393291
8.335375
8.333709
8.298209
8.295000
8.282375
8.340375
8.291208
8.352375
8.317833
8.337750
8.310792
8.305167
8.979375
8.377166
8.334625
8.356834
8.384209
8.332167
8.408833
8.319708
8.316208
8.343125
8.340208
8.326917
8.294708
8.304459
8.318750
8.328542
8.367416
8.306125
8.308042
8.363292
8.317459
8.328417
8.326667
8.291834
8.409625
8.313291
8.316041
8.298958
8.394958
8.331459
8.299959
8.339667
8.334541
8.327042
8.332500
8.322292
8.331875
8.336209
8.345667
8.336667
8.336292
8.335542
8.331958
8.357542
8.325041
8.313125
8.329292
8.327917
8.288500
8.336833
8.311000
8.311542
8.316208
8.314708
8.323709
8.334209
8.321750
8.332958
8.347542
8.327583
8.324250
8.327042
8.334708
8.315000
8.379292
8.300375
8.338625
8.341625
8.317625
8.339500
8.323917
8.333375
8.344167
8.330958
8.330625
8.341959
8.357125
8.341792
8.418584
8.339958
8.431542
8.361292
8.346333
8.322667
8.341042
8.354291
8.325667
8.364792
8.298458
8.339125
8.351792
8.364042
8.304208
8.333000
8.350250
8.328417
8.341500
8.334166
8.344958
8.336916
8.336583
8.352625
8.328167
8.360375
8.349708
8.366292
8.322625
8.366916
8.331708
8.330291
8.339250
8.384666
8.333209
8.344417
8.336709
8.350792
8.311542
8.359833
8.325792
8.344917
8.341042
8.348042
8.333208
8.355250
8.313333
8.354042
8.349250
8.359000
8.323792
8.391792
8.341125
8.361334
8.318500
8.369417
8.305208
8.288625
8.317208
8.296208
8.392333
8.352167
8.339292
8.279375
8.399333
8.331625
