=== device ===
name                  Apple M4 Pro
architecture          applegpu_g16s
gpu cores             20
kernel                laguna_routed_nvfp4_swiglu_qmv_packed_top8keys_r1_bf16_v2
mode                  DOSE LADDER

=== pipeline reflection (register/occupancy gate) ===
  arm                          lines   tgMemB   maxTotalThreads   execWidth
  A_base     256        0              1024          32
  B_inds     246        0              1024          32
  C_sg0     261       16              1024          32

=== output equivalence gate (bitwise, vs reference) ===
  TG=1024  reference re-run  diff      0 /  65536 bytes   (reference wrote   4096)
  TG=1024  B_inds  diff      0 /  65536 bytes
  TG=1024  C_sg0  diff      0 /  65536 bytes
  TG=2048  reference re-run  diff      0 /  65536 bytes   (reference wrote   8192)
  TG=2048  B_inds  diff      0 /  65536 bytes
  TG=2048  C_sg0  diff      0 /  65536 bytes
  VERDICT: all arms bitwise identical to the reference.

=== memory regime (P1.1) ===
  defeat slots          64
  weight buffer         335544320 B
  scale buffer          20910208 B
  routed winners        [39, 88, 99, 110, 114, 184, 216, 239]
  winners (slot order)  [184, 239, 110, 88, 99, 216, 39, 114]
  output_width          512
  dram_peak_GB_s        266.3  (measured, rule 55)
  slc_estimate_B        25165824  (M4-Pro-class, label only)
    TG   rows   uniq_MiB   req_MiB/round   amplif   ref_us   achieved_GB_s   pct_peak   unique_GB_s   slc_fit   regime
   128     32      17.14          107.35      6.3     4.89           115.1       43.2          18.4   yes   PARTIAL
   256     64      34.27          213.70      6.2     7.19           155.7       58.5          25.0   no   PARTIAL
   512    128      68.54          426.39      6.2    12.60           177.4       66.6          28.5   no   PARTIAL
  1024    256     137.07          851.78      6.2    22.26           200.6       75.3          32.3   no   PARTIAL
  2048    512     274.14         1702.56      6.2    38.80           230.1       86.4          37.0   no   SATURATED

=== paired per-call cost, 41 alternating rounds of 200 dispatches ===
delta = variant - reference within a round, so drift cancels. neg = faster.
spread = max-min of the per-round deltas.

--- B_inds  vs reference A_base ---
    TG  TG/core    ref_min    var_min    d_mean     d_sd    d_min    d_max   spread    d%_ref    t_paired
   128     6.40       4.88       3.22    -1.650    0.021    -1.71    -1.59     0.12   -33.834     -495.33
   256    12.80       7.16       4.95    -2.228    0.030    -2.27    -2.15     0.13   -31.118     -470.86
   512    25.60      12.43       9.32    -3.426    0.193    -3.83    -3.11     0.73   -27.548     -113.63
  1024    51.20      21.99      20.86    -0.904    0.247    -1.43    -0.37     1.06    -4.113      -23.44
  2048   102.40      38.65      37.24    -1.505    0.159    -1.83    -1.20     0.63    -3.894      -60.54
  per-round delta TG=128: -1.66 -1.63 -1.63 -1.66 -1.66 -1.62 -1.66 -1.65 -1.66 -1.66 -1.63 -1.65 -1.67 -1.66 -1.64 -1.65 -1.63 -1.65 -1.66 -1.64 -1.59 -1.63 -1.66 -1.66 -1.63 -1.66 -1.63 -1.67 -1.65 -1.64 -1.64 -1.65 -1.65 -1.67 -1.66 -1.66 -1.64 -1.60 -1.71 -1.68 -1.67
  per-round delta TG=256: -2.25 -2.25 -2.15 -2.22 -2.25 -2.24 -2.25 -2.20 -2.15 -2.22 -2.27 -2.22 -2.24 -2.22 -2.16 -2.21 -2.25 -2.22 -2.24 -2.22 -2.19 -2.25 -2.24 -2.23 -2.22 -2.24 -2.24 -2.23 -2.22 -2.25 -2.26 -2.26 -2.22 -2.20 -2.17 -2.25 -2.22 -2.26 -2.25 -2.23 -2.27
  per-round delta TG=512: -3.40 -3.27 -3.37 -3.36 -3.65 -3.20 -3.52 -3.42 -3.33 -3.47 -3.58 -3.43 -3.14 -3.68 -3.83 -3.11 -3.66 -3.27 -3.57 -3.27 -3.38 -3.33 -3.45 -3.67 -3.50 -3.25 -3.24 -3.58 -3.71 -3.21 -3.60 -3.48 -3.50 -3.30 -3.17 -3.32 -3.15 -3.40 -3.73 -3.19 -3.77
  per-round delta TG=1024: -0.73 -1.33 -0.67 -1.09 -1.42 -0.74 -1.01 -1.07 -0.97 -0.88 -0.59 -1.10 -0.63 -0.66 -0.79 -0.77 -0.90 -0.57 -0.98 -1.00 -0.99 -1.17 -0.92 -1.08 -1.43 -1.31 -1.25 -1.02 -1.01 -0.89 -0.50 -0.83 -0.37 -0.93 -0.77 -0.55 -1.01 -0.74 -0.76 -0.76 -0.88
  per-round delta TG=2048: -1.20 -1.45 -1.52 -1.33 -1.48 -1.48 -1.40 -1.54 -1.40 -1.66 -1.43 -1.51 -1.69 -1.78 -1.58 -1.46 -1.58 -1.55 -1.62 -1.39 -1.22 -1.52 -1.31 -1.83 -1.42 -1.50 -1.26 -1.67 -1.82 -1.37 -1.41 -1.66 -1.68 -1.45 -1.69 -1.77 -1.35 -1.47 -1.36 -1.54 -1.33

--- C_sg0  vs reference A_base ---
    TG  TG/core    ref_min    var_min    d_mean     d_sd    d_min    d_max   spread    d%_ref    t_paired
   128     6.40       4.88       4.35    -0.531    0.020    -0.57    -0.48     0.09   -10.894     -168.40
   256    12.80       7.13       6.14    -1.018    0.031    -1.08    -0.93     0.15   -14.278     -209.00
   512    25.60      12.29       9.89    -2.850    0.152    -3.13    -2.35     0.78   -23.195     -120.22
  1024    51.20      22.09      20.96    -0.522    0.227    -1.16    -0.15     1.01    -2.364      -14.73
  2048   102.40      38.71      38.66    -0.017    0.179    -0.42    +0.29     0.70    -0.045       -0.62
  per-round delta TG=128: -0.53 -0.53 -0.54 -0.54 -0.52 -0.52 -0.52 -0.53 -0.52 -0.56 -0.54 -0.53 -0.57 -0.52 -0.53 -0.51 -0.56 -0.50 -0.56 -0.56 -0.53 -0.51 -0.51 -0.53 -0.53 -0.51 -0.50 -0.48 -0.52 -0.57 -0.52 -0.52 -0.52 -0.55 -0.53 -0.56 -0.53 -0.57 -0.52 -0.56 -0.52
  per-round delta TG=256: -0.96 -0.99 -1.08 -1.03 -0.98 -1.04 -1.03 -1.04 -1.03 -1.04 -1.04 -1.05 -1.05 -1.01 -1.05 -1.01 -0.98 -0.97 -1.01 -1.03 -1.00 -1.01 -0.93 -1.04 -1.01 -1.06 -1.02 -1.02 -1.07 -1.01 -1.00 -1.01 -1.02 -1.06 -1.04 -1.04 -0.98 -1.00 -1.02 -0.99 -0.96
  per-round delta TG=512: -2.93 -2.88 -2.35 -2.80 -2.85 -2.67 -2.83 -2.87 -2.77 -2.86 -3.02 -2.96 -2.77 -3.01 -2.91 -2.60 -3.10 -2.75 -3.01 -2.68 -2.86 -2.77 -2.73 -2.76 -3.04 -2.55 -2.86 -2.85 -2.86 -2.78 -3.13 -2.81 -3.12 -2.79 -2.96 -2.89 -2.86 -2.81 -3.02 -2.91 -2.86
  per-round delta TG=1024: -0.51 -0.34 -0.45 -1.16 -0.60 -0.45 -0.36 -0.50 -0.30 -0.45 -0.50 -0.67 -0.37 -0.48 -0.61 -0.49 -0.36 -1.13 -0.72 -0.67 -0.63 -0.76 -0.71 -0.41 -0.15 -0.47 -0.19 -0.28 -0.59 -0.32 -0.44 -0.23 -0.56 -0.56 -0.20 -0.90 -0.46 -0.42 -0.56 -0.53 -0.94
  per-round delta TG=2048: -0.40 +0.14 -0.32 +0.13 +0.12 +0.26 -0.01 +0.18 -0.27 -0.30 +0.02 -0.10 +0.22 +0.25 +0.29 -0.00 +0.09 -0.26 +0.03 -0.02 +0.10 -0.09 -0.07 +0.03 -0.21 +0.18 -0.02 -0.02 -0.04 +0.10 -0.15 +0.22 +0.02 +0.01 -0.09 +0.03 -0.27 -0.42 +0.04 -0.07 -0.03
